 int.   grp.  9      grp. 10      grp. 11      grp. 12      grp. 13      grp. 14      grp. 15      grp. 16
     1    1.669E+22    1.563E+22    1.399E+22    9.309E+21    6.327E+21    6.176E+21    1.457E+22    2.392E+17
     2    1.669E+22    1.563E+22    1.399E+22    9.309E+21    6.327E+21    6.176E+21    1.458E+22    2.392E+17
     3    1.669E+22    1.563E+22    1.399E+22    9.308E+21    6.327E+21    6.176E+21    1.457E+22    2.392E+17
     4    1.669E+22    1.563E+22    1.399E+22    9.309E+21    6.327E+21    6.176E+21    1.458E+22    2.393E+17
     5    1.669E+22    1.563E+22    1.399E+22    9.308E+21    6.327E+21    6.176E+21    1.457E+22    2.391E+17
     6    1.669E+22    1.563E+22    1.399E+22    9.309E+21    6.327E+21    6.177E+21    1.458E+22    2.393E+17
     7    1.669E+22    1.563E+22    1.399E+22    9.308E+21    6.327E+21    6.175E+21    1.457E+22    2.391E+17
     8    1.669E+22    1.563E+22    1.399E+22    9.309E+21    6.327E+21    6.177E+21    1.458E+22    2.394E+17
     9    1.669E+22    1.563E+22    1.398E+22    9.308E+21    6.326E+21    6.175E+21    1.457E+22    2.390E+17
    10    1.669E+22    1.563E+22    1.399E+22    9.309E+21    6.328E+21    6.177E+21    1.458E+22    2.394E+17
    11    1.669E+22    1.562E+22    1.398E+22    9.307E+21    6.326E+21    6.174E+21    1.457E+22    2.388E+17
    12    1.668E+22    1.562E+22    1.398E+22    9.308E+21    6.327E+21    6.177E+21    1.458E+22    2.395E+17
    13    1.668E+22    1.562E+22    1.398E+22    9.304E+21    6.323E+21    6.171E+21    1.455E+22    2.384E+17
    14    1.667E+22    1.561E+22    1.397E+22    9.299E+21    6.321E+21    6.172E+21    1.458E+22    2.395E+17
    15    1.664E+22    1.558E+22    1.394E+22    9.278E+21    6.304E+21    6.151E+21    1.449E+22    2.372E+17
    16    1.657E+22    1.551E+22    1.387E+22    9.227E+21    6.271E+21    6.122E+21    1.448E+22    2.386E+17
    17    1.633E+22    1.526E+22    1.363E+22    9.058E+21    6.144E+21    5.983E+21    1.398E+22    2.319E+17
    18    1.562E+22    1.453E+22    1.291E+22    8.536E+21    5.776E+21    5.622E+21    1.355E+22    2.331E+17
    19    1.341E+22    1.231E+22    1.081E+22    7.105E+21    4.771E+21    4.596E+21    9.438E+21    2.028E+17
    20    8.642E+21    8.035E+21    7.262E+21    4.864E+21    3.370E+21    3.409E+21    1.717E+22    2.054E+17
    21    3.721E+21    3.769E+21    3.925E+21    2.774E+21    2.171E+21    2.602E+21    6.744E+22    3.212E+17
    22    1.180E+21    1.287E+21    1.492E+21    1.126E+21    9.475E+20    1.249E+21    7.987E+22    3.230E+17
    23    3.573E+20    3.642E+20    3.891E+20    2.924E+20    2.393E+20    3.069E+20    4.229E+22    2.871E+17
    24    1.631E+20    1.692E+20    1.860E+20    1.319E+20    1.075E+20    1.367E+20    1.770E+22    2.591E+17
    25    8.209E+19    8.370E+19    8.978E+19    6.652E+19    5.357E+19    6.739E+19    5.666E+21    2.493E+17
    26    6.838E+19    6.729E+19    7.357E+19    4.629E+19    4.190E+19    5.253E+19    1.178E+21    2.333E+17
    27    5.916E+19    5.459E+19    5.674E+19    3.568E+19    3.093E+19    3.742E+19    4.189E+20    1.836E+17
    28    5.226E+19    4.874E+19    4.991E+19    3.237E+19    2.684E+19    3.184E+19    2.439E+20    1.335E+17
    29    4.406E+19    4.117E+19    4.177E+19    2.766E+19    2.242E+19    2.634E+19    1.636E+20    1.035E+17
    30    3.609E+19    3.487E+19    3.558E+19    2.434E+19    1.942E+19    2.307E+19    2.031E+20    7.887E+16
    31    2.990E+19    2.954E+19    3.055E+19    2.143E+19    1.701E+19    2.075E+19    3.656E+20    6.456E+16
    32    2.544E+19    2.541E+19    2.667E+19    1.892E+19    1.505E+19    1.864E+19    5.308E+20    6.138E+16
    33    2.066E+19    2.095E+19    2.226E+19    1.595E+19    1.277E+19    1.592E+19    6.023E+20    5.850E+16
    34    1.657E+19    1.700E+19    1.829E+19    1.322E+19    1.065E+19    1.337E+19    6.212E+20    5.585E+16
    35    1.316E+19    1.359E+19    1.473E+19    1.071E+19    8.684E+18    1.096E+19    5.994E+20    5.339E+16
    36    1.049E+19    1.087E+19    1.184E+19    8.653E+18    7.037E+18    8.922E+18    5.579E+20    5.108E+16
    37    8.374E+18    8.681E+18    9.470E+18    6.937E+18    5.655E+18    7.188E+18    5.035E+20    4.891E+16
    38    6.735E+18    6.980E+18    7.620E+18    5.586E+18    4.557E+18    5.803E+18    4.466E+20    4.687E+16
    39    5.439E+18    5.628E+18    6.136E+18    4.497E+18    3.670E+18    4.674E+18    3.896E+20    4.493E+16
    40    4.427E+18    4.575E+18    4.983E+18    3.649E+18    2.976E+18    3.790E+18    3.370E+20    4.310E+16
    41    3.620E+18    3.733E+18    4.058E+18    2.968E+18    2.420E+18    3.079E+18    2.886E+20    4.136E+16
    42    2.982E+18    3.070E+18    3.333E+18    2.434E+18    1.982E+18    2.520E+18    2.463E+20    3.971E+16
    43    2.466E+18    2.534E+18    2.746E+18    2.003E+18    1.630E+18    2.070E+18    2.089E+20    3.814E+16
    44    2.052E+18    2.106E+18    2.279E+18    1.660E+18    1.349E+18    1.712E+18    1.771E+20    3.665E+16
    45    1.714E+18    1.757E+18    1.897E+18    1.381E+18    1.121E+18    1.421E+18    1.496E+20    3.523E+16
    46    1.440E+18    1.473E+18    1.590E+18    1.156E+18    9.375E+17    1.187E+18    1.265E+20    3.388E+16
    47    1.213E+18    1.240E+18    1.336E+18    9.703E+17    7.866E+17    9.953E+17    1.068E+20    3.259E+16
    48    1.027E+18    1.049E+18    1.129E+18    8.190E+17    6.635E+17    8.389E+17    9.035E+19    3.136E+16
    49    8.717E+17    8.894E+17    9.565E+17    6.935E+17    5.615E+17    7.095E+17    7.639E+19    3.019E+16
    50    7.432E+17    7.579E+17    8.144E+17    5.901E+17    4.775E+17    6.031E+17    6.479E+19    2.907E+16
    51    6.359E+17    6.480E+17    6.958E+17    5.039E+17    4.076E+17    5.145E+17    5.495E+19    2.800E+16
    52    5.466E+17    5.567E+17    5.976E+17    4.326E+17    3.498E+17    4.414E+17    4.678E+19    2.698E+16
    53    4.720E+17    4.807E+17    5.157E+17    3.733E+17    3.018E+17    3.807E+17    3.986E+19    2.601E+16
    54    4.103E+17    4.178E+17    4.483E+17    3.244E+17    2.622E+17    3.308E+17    3.408E+19    2.508E+16
    55    3.595E+17    3.662E+17    3.929E+17    2.844E+17    2.299E+17    2.899E+17    2.915E+19    2.418E+16
    56    3.186E+17    3.246E+17    3.484E+17    2.522E+17    2.038E+17    2.570E+17    2.496E+19    2.333E+16
    57    2.865E+17    2.921E+17    3.135E+17    2.269E+17    1.833E+17    2.310E+17    2.128E+19    2.251E+16
    58    2.628E+17    2.678E+17    2.873E+17    2.076E+17    1.676E+17    2.109E+17    1.801E+19    2.173E+16
    59    2.468E+17    2.511E+17    2.685E+17    1.936E+17    1.559E+17    1.957E+17    1.493E+19    2.098E+16
    60    2.378E+17    2.404E+17    2.555E+17    1.833E+17    1.470E+17    1.836E+17    1.188E+19    2.027E+16
    61    2.329E+17    2.336E+17    2.459E+17    1.750E+17    1.395E+17    1.730E+17    8.667E+18    1.958E+16
    62    2.297E+17    2.264E+17    2.347E+17    1.652E+17    1.302E+17    1.585E+17    4.989E+18    1.892E+16
    63    2.254E+17    2.145E+17    2.157E+17    1.501E+17    1.156E+17    1.348E+17    2.042E+18    1.583E+16
    64    2.176E+17    2.013E+17    1.950E+17    1.341E+17    1.007E+17    1.115E+17    9.076E+17    1.118E+16
    65    2.081E+17    1.891E+17    1.777E+17    1.207E+17    8.878E+16    9.427E+16    4.387E+17    8.005E+15
    66    1.976E+17    1.771E+17    1.622E+17    1.089E+17    7.870E+16    8.050E+16    2.078E+17    5.791E+15
    67    1.860E+17    1.653E+17    1.484E+17    9.861E+16    7.029E+16    6.976E+16    1.055E+17    4.226E+15
    68    1.738E+17    1.536E+17    1.359E+17    8.954E+16    6.316E+16    6.126E+16    5.553E+16    3.107E+15
    69    1.609E+17    1.419E+17    1.244E+17    8.156E+16    5.716E+16    5.470E+16    3.598E+16    2.300E+15
    70    1.475E+17    1.301E+17    1.139E+17    7.452E+16    5.214E+16    4.975E+16    3.246E+16    1.715E+15
    71    1.336E+17    1.184E+17    1.041E+17    6.830E+16    4.797E+16    4.623E+16    4.333E+16    1.288E+15
    72    1.192E+17    1.067E+17    9.523E+16    6.293E+16    4.467E+16    4.419E+16    7.855E+16    9.760E+14
    73    1.042E+17    9.504E+16    8.700E+16    5.825E+16    4.211E+16    4.346E+16    1.520E+17    7.495E+14
    74    8.909E+16    8.401E+16    8.023E+16    5.469E+16    4.077E+16    4.496E+16    3.377E+17    5.772E+14
    75    7.844E+16    7.579E+16    7.581E+16    5.229E+16    4.032E+16    4.752E+16    7.780E+17    4.928E+14
    76    6.844E+16    6.700E+16    6.881E+16    4.797E+16    3.764E+16    4.573E+16    1.215E+18    4.788E+14
    77    5.513E+16    5.539E+16    5.812E+16    4.119E+16    3.267E+16    4.023E+16    1.424E+18    4.651E+14
    78    4.282E+16    4.402E+16    4.721E+16    3.397E+16    2.726E+16    3.402E+16    1.483E+18    4.518E+14
    79    3.276E+16    3.418E+16    3.725E+16    2.717E+16    2.201E+16    2.775E+16    1.433E+18    4.389E+14
    80    2.514E+16    2.645E+16    2.915E+16    2.146E+16    1.753E+16    2.229E+16    1.321E+18    4.263E+14
    81    1.955E+16    2.064E+16    2.288E+16    1.694E+16    1.390E+16    1.777E+16    1.173E+18    4.142E+14
    82    1.563E+16    1.649E+16    1.830E+16    1.357E+16    1.116E+16    1.431E+16    1.008E+18    4.024E+14
    83    1.296E+16    1.363E+16    1.507E+16    1.116E+16    9.163E+15    1.174E+16    8.357E+17    3.911E+14
    84    1.129E+16    1.177E+16    1.292E+16    9.500E+15    7.771E+15    9.912E+15    6.583E+17    3.802E+14
    85    1.030E+16    1.063E+16    1.152E+16    8.384E+15    6.797E+15    8.598E+15    4.737E+17    3.697E+14
    86    9.868E+15    9.963E+15    1.057E+16    7.526E+15    6.049E+15    7.529E+15    2.690E+17    3.597E+14
    87    9.850E+15    9.577E+15    9.868E+15    6.829E+15    5.472E+15    6.645E+15    1.285E+17    3.318E+14
    88    9.781E+15    9.187E+15    9.100E+15    6.076E+15    4.865E+15    5.747E+15    7.571E+16    2.697E+14
    89    9.561E+15    8.691E+15    8.194E+15    5.224E+15    4.159E+15    4.744E+15    3.582E+16    2.018E+14
    90    9.262E+15    8.237E+15    7.440E+15    4.549E+15    3.578E+15    3.951E+15    1.722E+16    1.517E+14
    91    8.915E+15    7.809E+15    6.799E+15    4.000E+15    3.099E+15    3.319E+15    8.513E+15    1.145E+14
    92    8.539E+15    7.403E+15    6.249E+15    3.551E+15    2.704E+15    2.813E+15    4.215E+15    8.687E+13
    93    8.146E+15    7.013E+15    5.768E+15    3.181E+15    2.379E+15    2.407E+15    2.206E+15    6.617E+13
    94    7.744E+15    6.634E+15    5.344E+15    2.872E+15    2.110E+15    2.082E+15    1.182E+15    5.060E+13
    95    7.338E+15    6.265E+15    4.964E+15    2.612E+15    1.887E+15    1.821E+15    7.041E+14    3.883E+13
    96    6.931E+15    5.904E+15    4.620E+15    2.391E+15    1.703E+15    1.613E+15    4.482E+14    2.992E+13
    97    6.525E+15    5.549E+15    4.306E+15    2.204E+15    1.552E+15    1.449E+15    3.343E+14    2.314E+13
    98    6.121E+15    5.201E+15    4.017E+15    2.044E+15    1.430E+15    1.323E+15    2.778E+14    1.797E+13
    99    5.718E+15    4.857E+15    3.750E+15    1.908E+15    1.332E+15    1.230E+15    2.821E+14    1.403E+13
   100    5.315E+15    4.519E+15    3.505E+15    1.796E+15    1.256E+15    1.167E+15    3.341E+14    1.102E+13
   101    4.905E+15    4.183E+15    3.278E+15    1.706E+15    1.203E+15    1.134E+15    4.943E+14    8.741E+12
   102    4.491E+15    3.857E+15    3.076E+15    1.641E+15    1.171E+15    1.131E+15    8.201E+14    7.030E+12
   103    4.041E+15    3.524E+15    2.889E+15    1.600E+15    1.161E+15    1.163E+15    1.579E+15    5.796E+12
   104    3.791E+15    3.345E+15    2.795E+15    1.586E+15    1.161E+15    1.188E+15    2.137E+15    5.286E+12
   105    3.788E+15    3.343E+15    2.794E+15    1.586E+15    1.161E+15    1.188E+15    2.143E+15    5.276E+12
   106    3.785E+15    3.341E+15    2.792E+15    1.586E+15    1.161E+15    1.188E+15    2.148E+15    5.267E+12
   107    3.782E+15    3.339E+15    2.791E+15    1.585E+15    1.161E+15    1.188E+15    2.152E+15    5.257E+12
   108    3.780E+15    3.337E+15    2.790E+15    1.585E+15    1.161E+15    1.189E+15    2.156E+15    5.248E+12
   109    3.777E+15    3.335E+15    2.789E+15    1.585E+15    1.161E+15    1.189E+15    2.160E+15    5.238E+12
   110    3.775E+15    3.333E+15    2.789E+15    1.585E+15    1.161E+15    1.189E+15    2.163E+15    5.228E+12
   111    3.773E+15    3.332E+15    2.788E+15    1.584E+15    1.161E+15    1.189E+15    2.166E+15    5.217E+12
   112    3.772E+15    3.331E+15    2.787E+15    1.584E+15    1.160E+15    1.189E+15    2.169E+15    5.207E+12
   113    3.770E+15    3.329E+15    2.786E+15    1.584E+15    1.160E+15    1.189E+15    2.171E+15    5.197E+12
   114    3.768E+15    3.328E+15    2.786E+15    1.584E+15    1.160E+15    1.189E+15    2.173E+15    5.187E+12
   115    3.767E+15    3.327E+15    2.785E+15    1.584E+15    1.160E+15    1.189E+15    2.175E+15    5.176E+12
   116    3.766E+15    3.326E+15    2.785E+15    1.584E+15    1.160E+15    1.189E+15    2.177E+15    5.166E+12
   117    3.764E+15    3.325E+15    2.784E+15    1.583E+15    1.160E+15    1.189E+15    2.179E+15    5.156E+12
   118    3.763E+15    3.324E+15    2.784E+15    1.583E+15    1.160E+15    1.189E+15    2.181E+15    5.145E+12
   119    3.762E+15    3.323E+15    2.783E+15    1.583E+15    1.160E+15    1.189E+15    2.182E+15    5.135E+12
   120    3.761E+15    3.322E+15    2.783E+15    1.583E+15    1.160E+15    1.189E+15    2.184E+15    5.125E+12
   121    3.760E+15    3.321E+15    2.782E+15    1.583E+15    1.160E+15    1.189E+15    2.185E+15    5.114E+12
   122    3.759E+15    3.321E+15    2.782E+15    1.583E+15    1.160E+15    1.189E+15    2.187E+15    5.104E+12
   123    3.758E+15    3.320E+15    2.781E+15    1.583E+15    1.160E+15    1.189E+15    2.188E+15    5.094E+12
   124    3.757E+15    3.319E+15    2.781E+15    1.583E+15    1.160E+15    1.189E+15    2.189E+15    5.083E+12
   125    3.757E+15    3.319E+15    2.781E+15    1.583E+15    1.160E+15    1.189E+15    2.190E+15    5.073E+12
   126    3.756E+15    3.318E+15    2.780E+15    1.582E+15    1.160E+15    1.189E+15    2.192E+15    5.063E+12
   127    3.755E+15    3.317E+15    2.780E+15    1.582E+15    1.160E+15    1.189E+15    2.193E+15    5.053E+12
   128    3.754E+15    3.317E+15    2.780E+15    1.582E+15    1.160E+15    1.189E+15    2.194E+15    5.042E+12
   129    3.754E+15    3.316E+15    2.780E+15    1.582E+15    1.159E+15    1.189E+15    2.195E+15    5.032E+12
   130    3.753E+15    3.316E+15    2.779E+15    1.582E+15    1.159E+15    1.189E+15    2.196E+15    5.022E+12
   131    3.753E+15    3.315E+15    2.779E+15    1.582E+15    1.159E+15    1.189E+15    2.197E+15    5.012E+12
   132    3.752E+15    3.315E+15    2.779E+15    1.582E+15    1.159E+15    1.189E+15    2.198E+15    5.002E+12
   133    3.752E+15    3.315E+15    2.779E+15    1.582E+15    1.159E+15    1.190E+15    2.199E+15    4.991E+12
   134    3.751E+15    3.314E+15    2.779E+15    1.582E+15    1.159E+15    1.190E+15    2.200E+15    4.981E+12
   135    3.751E+15    3.314E+15    2.779E+15    1.582E+15    1.159E+15    1.190E+15    2.202E+15    4.971E+12
   136    3.751E+15    3.314E+15    2.778E+15    1.582E+15    1.159E+15    1.190E+15    2.203E+15    4.961E+12
   137    3.750E+15    3.313E+15    2.778E+15    1.582E+15    1.159E+15    1.190E+15    2.204E+15    4.951E+12
   138    3.750E+15    3.313E+15    2.778E+15    1.582E+15    1.159E+15    1.190E+15    2.205E+15    4.941E+12
   139    3.750E+15    3.313E+15    2.778E+15    1.582E+15    1.159E+15    1.190E+15    2.207E+15    4.931E+12
   140    3.750E+15    3.313E+15    2.778E+15    1.582E+15    1.159E+15    1.190E+15    2.208E+15    4.920E+12
   141    3.749E+15    3.313E+15    2.778E+15    1.582E+15    1.159E+15    1.190E+15    2.210E+15    4.910E+12
   142    3.749E+15    3.313E+15    2.778E+15    1.582E+15    1.159E+15    1.190E+15    2.211E+15    4.900E+12
   143    3.749E+15    3.312E+15    2.778E+15    1.582E+15    1.159E+15    1.190E+15    2.213E+15    4.890E+12
   144    3.749E+15    3.312E+15    2.778E+15    1.582E+15    1.159E+15    1.190E+15    2.215E+15    4.879E+12
   145    3.749E+15    3.312E+15    2.779E+15    1.582E+15    1.160E+15    1.190E+15    2.217E+15    4.869E+12
   146    3.749E+15    3.313E+15    2.779E+15    1.582E+15    1.160E+15    1.190E+15    2.220E+15    4.859E+12
   147    3.749E+15    3.313E+15    2.779E+15    1.582E+15    1.160E+15    1.190E+15    2.222E+15    4.848E+12
   148    3.749E+15    3.313E+15    2.779E+15    1.583E+15    1.160E+15    1.190E+15    2.225E+15    4.837E+12
   149    3.750E+15    3.313E+15    2.780E+15    1.583E+15    1.160E+15    1.191E+15    2.229E+15    4.827E+12
   150    3.750E+15    3.313E+15    2.780E+15    1.583E+15    1.160E+15    1.191E+15    2.232E+15    4.816E+12
   151    3.750E+15    3.314E+15    2.780E+15    1.583E+15    1.160E+15    1.191E+15    2.237E+15    4.805E+12
   152    3.751E+15    3.314E+15    2.781E+15    1.583E+15    1.160E+15    1.191E+15    2.241E+15    4.794E+12
   153    3.751E+15    3.315E+15    2.781E+15    1.584E+15    1.161E+15    1.191E+15    2.247E+15    4.782E+12
   154    3.752E+15    3.315E+15    2.782E+15    1.584E+15    1.161E+15    1.192E+15    2.253E+15    4.771E+12
   155    3.752E+15    3.316E+15    2.783E+15    1.585E+15    1.161E+15    1.192E+15    2.260E+15    4.759E+12
   156    3.753E+15    3.317E+15    2.784E+15    1.585E+15    1.161E+15    1.193E+15    2.269E+15    4.747E+12
   157    3.754E+15    3.318E+15    2.785E+15    1.586E+15    1.162E+15    1.193E+15    2.279E+15    4.734E+12
   158    3.755E+15    3.319E+15    2.786E+15    1.587E+15    1.162E+15    1.194E+15    2.290E+15    4.721E+12
   159    3.608E+15    3.223E+15    2.746E+15    1.595E+15    1.178E+15    1.230E+15    2.970E+15    4.449E+12
   160    3.262E+15    3.038E+15    2.709E+15    1.659E+15    1.240E+15    1.355E+15    6.115E+15    4.007E+12
   161    2.992E+15    2.920E+15    2.720E+15    1.743E+15    1.307E+15    1.483E+15    1.053E+16    3.794E+12
   162    2.827E+15    2.815E+15    2.684E+15    1.757E+15    1.322E+15    1.525E+15    1.379E+16    3.725E+12
   163    2.628E+15    2.656E+15    2.580E+15    1.717E+15    1.302E+15    1.520E+15    1.624E+16    3.659E+12
   164    2.410E+15    2.473E+15    2.445E+15    1.651E+15    1.262E+15    1.489E+15    1.820E+16    3.593E+12
   165    2.184E+15    2.274E+15    2.285E+15    1.564E+15    1.206E+15    1.437E+15    1.964E+16    3.522E+12
   166    1.960E+15    2.070E+15    2.113E+15    1.464E+15    1.139E+15    1.369E+15    2.067E+16    3.446E+12
   167    1.743E+15    1.867E+15    1.936E+15    1.357E+15    1.064E+15    1.290E+15    2.131E+16    3.364E+12
   168    1.540E+15    1.671E+15    1.758E+15    1.246E+15    9.848E+14    1.204E+15    2.162E+16    3.277E+12
   169    1.352E+15    1.486E+15    1.584E+15    1.135E+15    9.039E+14    1.114E+15    2.164E+16    3.184E+12
   170    1.181E+15    1.313E+15    1.418E+15    1.026E+15    8.234E+14    1.023E+15    2.142E+16    3.087E+12
   171    1.027E+15    1.154E+15    1.262E+15    9.219E+14    7.451E+14    9.325E+14    2.100E+16    2.985E+12
   172    8.903E+14    1.010E+15    1.118E+15    8.236E+14    6.701E+14    8.448E+14    2.041E+16    2.881E+12
   173    7.694E+14    8.807E+14    9.852E+14    7.320E+14    5.995E+14    7.609E+14    1.970E+16    2.774E+12
   174    6.633E+14    7.654E+14    8.649E+14    6.476E+14    5.336E+14    6.817E+14    1.889E+16    2.666E+12
   175    5.707E+14    6.634E+14    7.565E+14    5.707E+14    4.729E+14    6.080E+14    1.801E+16    2.557E+12
   176    4.904E+14    5.736E+14    6.598E+14    5.011E+14    4.175E+14    5.399E+14    1.709E+16    2.447E+12
   177    4.209E+14    4.951E+14    5.738E+14    4.386E+14    3.673E+14    4.776E+14    1.613E+16    2.339E+12
   178    3.610E+14    4.267E+14    4.980E+14    3.828E+14    3.221E+14    4.211E+14    1.517E+16    2.231E+12
   179    3.095E+14    3.673E+14    4.314E+14    3.334E+14    2.817E+14    3.701E+14    1.421E+16    2.126E+12
   180    2.653E+14    3.159E+14    3.731E+14    2.897E+14    2.458E+14    3.244E+14    1.327E+16    2.022E+12
   181    2.275E+14    2.717E+14    3.223E+14    2.513E+14    2.140E+14    2.837E+14    1.235E+16    1.921E+12
   182    1.952E+14    2.335E+14    2.782E+14    2.177E+14    1.860E+14    2.475E+14    1.147E+16    1.823E+12
   183    1.676E+14    2.008E+14    2.400E+14    1.884E+14    1.614E+14    2.156E+14    1.062E+16    1.728E+12
   184    1.440E+14    1.727E+14    2.070E+14    1.630E+14    1.400E+14    1.875E+14    9.806E+15    1.636E+12
   185    1.239E+14    1.486E+14    1.785E+14    1.408E+14    1.212E+14    1.629E+14    9.038E+15    1.547E+12
   186    1.067E+14    1.280E+14    1.539E+14    1.217E+14    1.049E+14    1.414E+14    8.315E+15    1.462E+12
   187    9.204E+13    1.103E+14    1.328E+14    1.051E+14    9.081E+13    1.226E+14    7.636E+15    1.381E+12
   188    7.953E+13    9.524E+13    1.147E+14    9.086E+13    7.857E+13    1.063E+14    7.001E+15    1.303E+12
   189    6.883E+13    8.232E+13    9.907E+13    7.855E+13    6.799E+13    9.209E+13    6.409E+15    1.228E+12
   190    5.968E+13    7.125E+13    8.569E+13    6.795E+13    5.885E+13    7.980E+13    5.860E+15    1.157E+12
   191    5.185E+13    6.178E+13    7.420E+13    5.883E+13    5.096E+13    6.916E+13    5.350E+15    1.090E+12
   192    4.513E+13    5.365E+13    6.434E+13    5.098E+13    4.416E+13    5.997E+13    4.880E+15    1.026E+12
   193    3.936E+13    4.668E+13    5.587E+13    4.423E+13    3.830E+13    5.202E+13    4.446E+15    9.652E+11
   194    3.441E+13    4.069E+13    4.859E+13    3.842E+13    3.325E+13    4.516E+13    4.046E+15    9.077E+11
   195    3.013E+13    3.554E+13    4.233E+13    3.342E+13    2.891E+13    3.924E+13    3.679E+15    8.534E+11
   196    2.645E+13    3.110E+13    3.694E+13    2.911E+13    2.516E+13    3.413E+13    3.342E+15    8.019E+11
   197    2.326E+13    2.727E+13    3.229E+13    2.540E+13    2.193E+13    2.973E+13    3.034E+15    7.534E+11
   198    2.050E+13    2.396E+13    2.828E+13    2.220E+13    1.914E+13    2.592E+13    2.752E+15    7.076E+11
   199    1.810E+13    2.109E+13    2.482E+13    1.944E+13    1.674E+13    2.264E+13    2.494E+15    6.644E+11
   200    1.601E+13    1.861E+13    2.182E+13    1.705E+13    1.466E+13    1.980E+13    2.258E+15    6.237E+11
   201    1.419E+13    1.644E+13    1.922E+13    1.499E+13    1.286E+13    1.734E+13    2.044E+15    5.853E+11
   202    1.260E+13    1.456E+13    1.696E+13    1.319E+13    1.130E+13    1.521E+13    1.848E+15    5.492E+11
   203    1.121E+13    1.292E+13    1.499E+13    1.164E+13    9.949E+12    1.337E+13    1.669E+15    5.153E+11
   204    9.990E+12    1.148E+13    1.328E+13    1.028E+13    8.775E+12    1.177E+13    1.506E+15    4.833E+11
   205    8.915E+12    1.022E+13    1.178E+13    9.101E+12    7.754E+12    1.038E+13    1.357E+15    4.533E+11
   206    7.969E+12    9.110E+12    1.047E+13    8.070E+12    6.864E+12    9.172E+12    1.222E+15    4.250E+11
   207    7.133E+12    8.135E+12    9.326E+12    7.170E+12    6.087E+12    8.118E+12    1.098E+15    3.985E+11
   208    6.394E+12    7.277E+12    8.319E+12    6.381E+12    5.408E+12    7.199E+12    9.853E+14    3.735E+11
   209    5.739E+12    6.518E+12    7.432E+12    5.689E+12    4.813E+12    6.395E+12    8.820E+14    3.501E+11
   210    5.158E+12    5.847E+12    6.651E+12    5.081E+12    4.292E+12    5.692E+12    7.874E+14    3.281E+11
   211    4.642E+12    5.253E+12    5.961E+12    4.546E+12    3.834E+12    5.075E+12    7.005E+14    3.074E+11
   212    4.182E+12    4.725E+12    5.353E+12    4.074E+12    3.431E+12    4.535E+12    6.205E+14    2.880E+11
   213    3.772E+12    4.257E+12    4.815E+12    3.659E+12    3.077E+12    4.060E+12    5.466E+14    2.697E+11
   214    3.407E+12    3.842E+12    4.339E+12    3.293E+12    2.765E+12    3.642E+12    4.780E+14    2.526E+11
   215    3.081E+12    3.473E+12    3.919E+12    2.969E+12    2.491E+12    3.274E+12    4.141E+14    2.366E+11
   216    2.792E+12    3.146E+12    3.549E+12    2.684E+12    2.249E+12    2.951E+12    3.541E+14    2.215E+11
   217    2.537E+12    2.858E+12    3.224E+12    2.433E+12    2.036E+12    2.665E+12    2.975E+14    2.075E+11
   218    2.316E+12    2.605E+12    2.940E+12    2.211E+12    1.848E+12    2.413E+12    2.434E+14    1.943E+11
   219    2.129E+12    2.385E+12    2.694E+12    2.016E+12    1.684E+12    2.191E+12    1.918E+14    1.822E+11
   220    1.999E+12    2.195E+12    2.488E+12    1.842E+12    1.541E+12    1.992E+12    1.391E+14    1.711E+11
   221    1.787E+12    1.875E+12    2.107E+12    1.528E+12    1.287E+12    1.635E+12    7.548E+13    1.408E+11
   222    1.392E+12    1.403E+12    1.535E+12    1.090E+12    9.258E+11    1.148E+12    2.899E+13    9.821E+10
   223    9.660E+11    9.547E+11    1.015E+12    7.155E+11    6.100E+11    7.453E+11    1.222E+13    6.854E+10
   224    5.004E+11    4.927E+11    5.066E+11    3.603E+11    3.083E+11    3.724E+11    4.144E+12    4.817E+10
