grp.10
1.563E+22
1.563E+22
1.563E+22
1.563E+22
1.563E+22
1.563E+22
1.563E+22
1.563E+22
1.563E+22
1.563E+22
1.562E+22
1.562E+22
1.562E+22
1.561E+22
1.558E+22
1.551E+22
1.526E+22
1.453E+22
1.231E+22
8.035E+21
3.769E+21
1.287E+21
3.642E+20
1.692E+20
8.370E+19
6.729E+19
5.459E+19
4.874E+19
4.117E+19
3.487E+19
2.954E+19
2.541E+19
2.095E+19
1.700E+19
1.359E+19
1.087E+19
8.681E+18
6.980E+18
5.628E+18
4.575E+18
3.733E+18
3.070E+18
2.534E+18
2.106E+18
1.757E+18
1.473E+18
1.240E+18
1.049E+18
8.894E+17
7.579E+17
6.480E+17
5.567E+17
4.807E+17
4.178E+17
3.662E+17
3.246E+17
2.921E+17
2.678E+17
2.511E+17
2.404E+17
2.336E+17
2.264E+17
2.145E+17
2.013E+17
1.891E+17
1.771E+17
1.653E+17
1.536E+17
1.419E+17
1.301E+17
1.184E+17
1.067E+17
9.504E+16
8.401E+16
7.579E+16
6.700E+16
5.539E+16
4.402E+16
3.418E+16
2.645E+16
2.064E+16
1.649E+16
1.363E+16
1.177E+16
1.063E+16
9.963E+15
9.577E+15
9.187E+15
8.691E+15
8.237E+15
7.809E+15
7.403E+15
7.013E+15
6.634E+15
6.265E+15
5.904E+15
5.549E+15
5.201E+15
4.857E+15
4.519E+15
4.183E+15
3.857E+15
3.524E+15
3.345E+15
3.343E+15
3.341E+15
3.339E+15
3.337E+15
3.335E+15
3.333E+15
3.332E+15
3.331E+15
3.329E+15
3.328E+15
3.327E+15
3.326E+15
3.325E+15
3.324E+15
3.323E+15
3.322E+15
3.321E+15
3.321E+15
3.320E+15
3.319E+15
3.319E+15
3.318E+15
3.317E+15
3.317E+15
3.316E+15
3.316E+15
3.315E+15
3.315E+15
3.315E+15
3.314E+15
3.314E+15
3.314E+15
3.313E+15
3.313E+15
3.313E+15
3.313E+15
3.313E+15
3.313E+15
3.312E+15
3.312E+15
3.312E+15
3.313E+15
3.313E+15
3.313E+15
3.313E+15
3.313E+15
3.314E+15
3.314E+15
3.315E+15
3.315E+15
3.316E+15
3.317E+15
3.318E+15
3.319E+15
3.223E+15
3.038E+15
2.920E+15
2.815E+15
2.656E+15
2.473E+15
2.274E+15
2.070E+15
1.867E+15
1.671E+15
1.486E+15
1.313E+15
1.154E+15
1.010E+15
8.807E+14
7.654E+14
6.634E+14
5.736E+14
4.951E+14
4.267E+14
3.673E+14
3.159E+14
2.717E+14
2.335E+14
2.008E+14
1.727E+14
1.486E+14
1.280E+14
1.103E+14
9.524E+13
8.232E+13
7.125E+13
6.178E+13
5.365E+13
4.668E+13
4.069E+13
3.554E+13
3.110E+13
2.727E+13
2.396E+13
2.109E+13
1.861E+13
1.644E+13
1.456E+13
1.292E+13
1.148E+13
1.022E+13
9.110E+12
8.135E+12
7.277E+12
6.518E+12
5.847E+12
5.253E+12
4.725E+12
4.257E+12
3.842E+12
3.473E+12
3.146E+12
2.858E+12
2.605E+12
2.385E+12
2.195E+12
1.875E+12
1.403E+12
9.547E+11
4.927E+11
