grp.13
6.327E+21
6.327E+21
6.327E+21
6.327E+21
6.327E+21
6.327E+21
6.327E+21
6.327E+21
6.326E+21
6.328E+21
6.326E+21
6.327E+21
6.323E+21
6.321E+21
6.304E+21
6.271E+21
6.144E+21
5.776E+21
4.771E+21
3.370E+21
2.171E+21
9.475E+20
2.393E+20
1.075E+20
5.357E+19
4.190E+19
3.093E+19
2.684E+19
2.242E+19
1.942E+19
1.701E+19
1.505E+19
1.277E+19
1.065E+19
8.684E+18
7.037E+18
5.655E+18
4.557E+18
3.670E+18
2.976E+18
2.420E+18
1.982E+18
1.630E+18
1.349E+18
1.121E+18
9.375E+17
7.866E+17
6.635E+17
5.615E+17
4.775E+17
4.076E+17
3.498E+17
3.018E+17
2.622E+17
2.299E+17
2.038E+17
1.833E+17
1.676E+17
1.559E+17
1.470E+17
1.395E+17
1.302E+17
1.156E+17
1.007E+17
8.878E+16
7.870E+16
7.029E+16
6.316E+16
5.716E+16
5.214E+16
4.797E+16
4.467E+16
4.211E+16
4.077E+16
4.032E+16
3.764E+16
3.267E+16
2.726E+16
2.201E+16
1.753E+16
1.390E+16
1.116E+16
9.163E+15
7.771E+15
6.797E+15
6.049E+15
5.472E+15
4.865E+15
4.159E+15
3.578E+15
3.099E+15
2.704E+15
2.379E+15
2.110E+15
1.887E+15
1.703E+15
1.552E+15
1.430E+15
1.332E+15
1.256E+15
1.203E+15
1.171E+15
1.161E+15
1.161E+15
1.161E+15
1.161E+15
1.161E+15
1.161E+15
1.161E+15
1.161E+15
1.161E+15
1.160E+15
1.160E+15
1.160E+15
1.160E+15
1.160E+15
1.160E+15
1.160E+15
1.160E+15
1.160E+15
1.160E+15
1.160E+15
1.160E+15
1.160E+15
1.160E+15
1.160E+15
1.160E+15
1.160E+15
1.159E+15
1.159E+15
1.159E+15
1.159E+15
1.159E+15
1.159E+15
1.159E+15
1.159E+15
1.159E+15
1.159E+15
1.159E+15
1.159E+15
1.159E+15
1.159E+15
1.159E+15
1.159E+15
1.160E+15
1.160E+15
1.160E+15
1.160E+15
1.160E+15
1.160E+15
1.160E+15
1.160E+15
1.161E+15
1.161E+15
1.161E+15
1.161E+15
1.162E+15
1.162E+15
1.178E+15
1.240E+15
1.307E+15
1.322E+15
1.302E+15
1.262E+15
1.206E+15
1.139E+15
1.064E+15
9.848E+14
9.039E+14
8.234E+14
7.451E+14
6.701E+14
5.995E+14
5.336E+14
4.729E+14
4.175E+14
3.673E+14
3.221E+14
2.817E+14
2.458E+14
2.140E+14
1.860E+14
1.614E+14
1.400E+14
1.212E+14
1.049E+14
9.081E+13
7.857E+13
6.799E+13
5.885E+13
5.096E+13
4.416E+13
3.830E+13
3.325E+13
2.891E+13
2.516E+13
2.193E+13
1.914E+13
1.674E+13
1.466E+13
1.286E+13
1.130E+13
9.949E+12
8.775E+12
7.754E+12
6.864E+12
6.087E+12
5.408E+12
4.813E+12
4.292E+12
3.834E+12
3.431E+12
3.077E+12
2.765E+12
2.491E+12
2.249E+12
2.036E+12
1.848E+12
1.684E+12
1.541E+12
1.287E+12
9.258E+11
6.100E+11
3.083E+11
