grp.14
6.176E+21
6.176E+21
6.176E+21
6.176E+21
6.176E+21
6.177E+21
6.175E+21
6.177E+21
6.175E+21
6.177E+21
6.174E+21
6.177E+21
6.171E+21
6.172E+21
6.151E+21
6.122E+21
5.983E+21
5.622E+21
4.596E+21
3.409E+21
2.602E+21
1.249E+21
3.069E+20
1.367E+20
6.739E+19
5.253E+19
3.742E+19
3.184E+19
2.634E+19
2.307E+19
2.075E+19
1.864E+19
1.592E+19
1.337E+19
1.096E+19
8.922E+18
7.188E+18
5.803E+18
4.674E+18
3.790E+18
3.079E+18
2.520E+18
2.070E+18
1.712E+18
1.421E+18
1.187E+18
9.953E+17
8.389E+17
7.095E+17
6.031E+17
5.145E+17
4.414E+17
3.807E+17
3.308E+17
2.899E+17
2.570E+17
2.310E+17
2.109E+17
1.957E+17
1.836E+17
1.730E+17
1.585E+17
1.348E+17
1.115E+17
9.427E+16
8.050E+16
6.976E+16
6.126E+16
5.470E+16
4.975E+16
4.623E+16
4.419E+16
4.346E+16
4.496E+16
4.752E+16
4.573E+16
4.023E+16
3.402E+16
2.775E+16
2.229E+16
1.777E+16
1.431E+16
1.174E+16
9.912E+15
8.598E+15
7.529E+15
6.645E+15
5.747E+15
4.744E+15
3.951E+15
3.319E+15
2.813E+15
2.407E+15
2.082E+15
1.821E+15
1.613E+15
1.449E+15
1.323E+15
1.230E+15
1.167E+15
1.134E+15
1.131E+15
1.163E+15
1.188E+15
1.188E+15
1.188E+15
1.188E+15
1.189E+15
1.189E+15
1.189E+15
1.189E+15
1.189E+15
1.189E+15
1.189E+15
1.189E+15
1.189E+15
1.189E+15
1.189E+15
1.189E+15
1.189E+15
1.189E+15
1.189E+15
1.189E+15
1.189E+15
1.189E+15
1.189E+15
1.189E+15
1.189E+15
1.189E+15
1.189E+15
1.189E+15
1.189E+15
1.190E+15
1.190E+15
1.190E+15
1.190E+15
1.190E+15
1.190E+15
1.190E+15
1.190E+15
1.190E+15
1.190E+15
1.190E+15
1.190E+15
1.190E+15
1.190E+15
1.190E+15
1.190E+15
1.191E+15
1.191E+15
1.191E+15
1.191E+15
1.191E+15
1.192E+15
1.192E+15
1.193E+15
1.193E+15
1.194E+15
1.230E+15
1.355E+15
1.483E+15
1.525E+15
1.520E+15
1.489E+15
1.437E+15
1.369E+15
1.290E+15
1.204E+15
1.114E+15
1.023E+15
9.325E+14
8.448E+14
7.609E+14
6.817E+14
6.080E+14
5.399E+14
4.776E+14
4.211E+14
3.701E+14
3.244E+14
2.837E+14
2.475E+14
2.156E+14
1.875E+14
1.629E+14
1.414E+14
1.226E+14
1.063E+14
9.209E+13
7.980E+13
6.916E+13
5.997E+13
5.202E+13
4.516E+13
3.924E+13
3.413E+13
2.973E+13
2.592E+13
2.264E+13
1.980E+13
1.734E+13
1.521E+13
1.337E+13
1.177E+13
1.038E+13
9.172E+12
8.118E+12
7.199E+12
6.395E+12
5.692E+12
5.075E+12
4.535E+12
4.060E+12
3.642E+12
3.274E+12
2.951E+12
2.665E+12
2.413E+12
2.191E+12
1.992E+12
1.635E+12
1.148E+12
7.453E+11
3.724E+11
