grp.11
1.399E+22
1.399E+22
1.399E+22
1.399E+22
1.399E+22
1.399E+22
1.399E+22
1.399E+22
1.398E+22
1.399E+22
1.398E+22
1.398E+22
1.398E+22
1.397E+22
1.394E+22
1.387E+22
1.363E+22
1.291E+22
1.081E+22
7.262E+21
3.925E+21
1.492E+21
3.891E+20
1.860E+20
8.978E+19
7.357E+19
5.674E+19
4.991E+19
4.177E+19
3.558E+19
3.055E+19
2.667E+19
2.226E+19
1.829E+19
1.473E+19
1.184E+19
9.470E+18
7.620E+18
6.136E+18
4.983E+18
4.058E+18
3.333E+18
2.746E+18
2.279E+18
1.897E+18
1.590E+18
1.336E+18
1.129E+18
9.565E+17
8.144E+17
6.958E+17
5.976E+17
5.157E+17
4.483E+17
3.929E+17
3.484E+17
3.135E+17
2.873E+17
2.685E+17
2.555E+17
2.459E+17
2.347E+17
2.157E+17
1.950E+17
1.777E+17
1.622E+17
1.484E+17
1.359E+17
1.244E+17
1.139E+17
1.041E+17
9.523E+16
8.700E+16
8.023E+16
7.581E+16
6.881E+16
5.812E+16
4.721E+16
3.725E+16
2.915E+16
2.288E+16
1.830E+16
1.507E+16
1.292E+16
1.152E+16
1.057E+16
9.868E+15
9.100E+15
8.194E+15
7.440E+15
6.799E+15
6.249E+15
5.768E+15
5.344E+15
4.964E+15
4.620E+15
4.306E+15
4.017E+15
3.750E+15
3.505E+15
3.278E+15
3.076E+15
2.889E+15
2.795E+15
2.794E+15
2.792E+15
2.791E+15
2.790E+15
2.789E+15
2.789E+15
2.788E+15
2.787E+15
2.786E+15
2.786E+15
2.785E+15
2.785E+15
2.784E+15
2.784E+15
2.783E+15
2.783E+15
2.782E+15
2.782E+15
2.781E+15
2.781E+15
2.781E+15
2.780E+15
2.780E+15
2.780E+15
2.780E+15
2.779E+15
2.779E+15
2.779E+15
2.779E+15
2.779E+15
2.779E+15
2.778E+15
2.778E+15
2.778E+15
2.778E+15
2.778E+15
2.778E+15
2.778E+15
2.778E+15
2.778E+15
2.779E+15
2.779E+15
2.779E+15
2.779E+15
2.780E+15
2.780E+15
2.780E+15
2.781E+15
2.781E+15
2.782E+15
2.783E+15
2.784E+15
2.785E+15
2.786E+15
2.746E+15
2.709E+15
2.720E+15
2.684E+15
2.580E+15
2.445E+15
2.285E+15
2.113E+15
1.936E+15
1.758E+15
1.584E+15
1.418E+15
1.262E+15
1.118E+15
9.852E+14
8.649E+14
7.565E+14
6.598E+14
5.738E+14
4.980E+14
4.314E+14
3.731E+14
3.223E+14
2.782E+14
2.400E+14
2.070E+14
1.785E+14
1.539E+14
1.328E+14
1.147E+14
9.907E+13
8.569E+13
7.420E+13
6.434E+13
5.587E+13
4.859E+13
4.233E+13
3.694E+13
3.229E+13
2.828E+13
2.482E+13
2.182E+13
1.922E+13
1.696E+13
1.499E+13
1.328E+13
1.178E+13
1.047E+13
9.326E+12
8.319E+12
7.432E+12
6.651E+12
5.961E+12
5.353E+12
4.815E+12
4.339E+12
3.919E+12
3.549E+12
3.224E+12
2.940E+12
2.694E+12
2.488E+12
2.107E+12
1.535E+12
1.015E+12
5.066E+11
