grp.15
1.457E+22
1.458E+22
1.457E+22
1.458E+22
1.457E+22
1.458E+22
1.457E+22
1.458E+22
1.457E+22
1.458E+22
1.457E+22
1.458E+22
1.455E+22
1.458E+22
1.449E+22
1.448E+22
1.398E+22
1.355E+22
9.438E+21
1.717E+22
6.744E+22
7.987E+22
4.229E+22
1.770E+22
5.666E+21
1.178E+21
4.189E+20
2.439E+20
1.636E+20
2.031E+20
3.656E+20
5.308E+20
6.023E+20
6.212E+20
5.994E+20
5.579E+20
5.035E+20
4.466E+20
3.896E+20
3.370E+20
2.886E+20
2.463E+20
2.089E+20
1.771E+20
1.496E+20
1.265E+20
1.068E+20
9.035E+19
7.639E+19
6.479E+19
5.495E+19
4.678E+19
3.986E+19
3.408E+19
2.915E+19
2.496E+19
2.128E+19
1.801E+19
1.493E+19
1.188E+19
8.667E+18
4.989E+18
2.042E+18
9.076E+17
4.387E+17
2.078E+17
1.055E+17
5.553E+16
3.598E+16
3.246E+16
4.333E+16
7.855E+16
1.520E+17
3.377E+17
7.780E+17
1.215E+18
1.424E+18
1.483E+18
1.433E+18
1.321E+18
1.173E+18
1.008E+18
8.357E+17
6.583E+17
4.737E+17
2.690E+17
1.285E+17
7.571E+16
3.582E+16
1.722E+16
8.513E+15
4.215E+15
2.206E+15
1.182E+15
7.041E+14
4.482E+14
3.343E+14
2.778E+14
2.821E+14
3.341E+14
4.943E+14
8.201E+14
1.579E+15
2.137E+15
2.143E+15
2.148E+15
2.152E+15
2.156E+15
2.160E+15
2.163E+15
2.166E+15
2.169E+15
2.171E+15
2.173E+15
2.175E+15
2.177E+15
2.179E+15
2.181E+15
2.182E+15
2.184E+15
2.185E+15
2.187E+15
2.188E+15
2.189E+15
2.190E+15
2.192E+15
2.193E+15
2.194E+15
2.195E+15
2.196E+15
2.197E+15
2.198E+15
2.199E+15
2.200E+15
2.202E+15
2.203E+15
2.204E+15
2.205E+15
2.207E+15
2.208E+15
2.210E+15
2.211E+15
2.213E+15
2.215E+15
2.217E+15
2.220E+15
2.222E+15
2.225E+15
2.229E+15
2.232E+15
2.237E+15
2.241E+15
2.247E+15
2.253E+15
2.260E+15
2.269E+15
2.279E+15
2.290E+15
2.970E+15
6.115E+15
1.053E+16
1.379E+16
1.624E+16
1.820E+16
1.964E+16
2.067E+16
2.131E+16
2.162E+16
2.164E+16
2.142E+16
2.100E+16
2.041E+16
1.970E+16
1.889E+16
1.801E+16
1.709E+16
1.613E+16
1.517E+16
1.421E+16
1.327E+16
1.235E+16
1.147E+16
1.062E+16
9.806E+15
9.038E+15
8.315E+15
7.636E+15
7.001E+15
6.409E+15
5.860E+15
5.350E+15
4.880E+15
4.446E+15
4.046E+15
3.679E+15
3.342E+15
3.034E+15
2.752E+15
2.494E+15
2.258E+15
2.044E+15
1.848E+15
1.669E+15
1.506E+15
1.357E+15
1.222E+15
1.098E+15
9.853E+14
8.820E+14
7.874E+14
7.005E+14
6.205E+14
5.466E+14
4.780E+14
4.141E+14
3.541E+14
2.975E+14
2.434E+14
1.918E+14
1.391E+14
7.548E+13
2.899E+13
1.222E+13
4.144E+12
