6.600E+22
6.601E+22
6.600E+22
6.601E+22
6.600E+22
6.601E+22
6.600E+22
6.601E+22
6.599E+22
6.601E+22
6.598E+22
6.599E+22
6.595E+22
6.595E+22
6.574E+22
6.548E+22
6.406E+22
6.092E+22
4.903E+22
4.411E+22
8.268E+22
8.597E+22
4.388E+22
1.843E+22
6.027E+21
1.460E+21
6.343E+20
4.336E+20
3.230E+20
3.404E+20
4.849E+20
6.355E+20
6.902E+20
6.937E+20
6.581E+20
6.052E+20
5.414E+20
4.771E+20
4.142E+20
3.570E+20
3.049E+20
2.596E+20
2.199E+20
1.862E+20
1.572E+20
1.328E+20
1.121E+20
9.485E+19
8.020E+19
6.803E+19
5.772E+19
4.916E+19
4.191E+19
3.586E+19
3.071E+19
2.635E+19
2.253E+19
1.915E+19
1.599E+19
1.289E+19
9.634E+18
5.904E+18
2.873E+18
1.650E+18
1.109E+18
8.152E+17
6.579E+17
5.590E+17
4.957E+17
4.529E+17
4.283E+17
4.323E+17
4.779E+17
6.424E+17
1.070E+18
1.482E+18
1.652E+18
1.669E+18
1.581E+18
1.438E+18
1.265E+18
1.082E+18
8.965E+17
7.102E+17
5.196E+17
3.106E+17
1.669E+17
1.107E+17
6.683E+16
4.498E+16
3.354E+16
2.694E+16
2.295E+16
2.022E+16
1.825E+16
1.668E+16
1.539E+16
1.429E+16
1.336E+16
1.258E+16
1.200E+16
1.170E+16
1.192E+16
1.221E+16
1.222E+16
1.222E+16
1.222E+16
1.222E+16
1.222E+16
1.222E+16
1.222E+16
1.222E+16
1.222E+16
1.222E+16
1.222E+16
1.222E+16
1.222E+16
1.222E+16
1.222E+16
1.222E+16
1.222E+16
1.222E+16
1.222E+16
1.222E+16
1.222E+16
1.222E+16
1.222E+16
1.222E+16
1.222E+16
1.222E+16
1.222E+16
1.222E+16
1.222E+16
1.222E+16
1.223E+16
1.223E+16
1.223E+16
1.223E+16
1.223E+16
1.223E+16
1.223E+16
1.223E+16
1.223E+16
1.224E+16
1.224E+16
1.224E+16
1.225E+16
1.225E+16
1.226E+16
1.226E+16
1.226E+16
1.227E+16
1.228E+16
1.229E+16
1.230E+16
1.231E+16
1.232E+16
1.234E+16
1.294E+16
1.612E+16
2.070E+16
2.389E+16
2.602E+16
2.752E+16
2.841E+16
2.882E+16
2.882E+16
2.848E+16
2.786E+16
2.702E+16
2.602E+16
2.488E+16
2.366E+16
2.238E+16
2.108E+16
1.978E+16
1.848E+16
1.722E+16
1.599E+16
1.482E+16
1.369E+16
1.263E+16
1.163E+16
1.068E+16
9.790E+15
8.965E+15
8.198E+15
7.487E+15
6.829E+15
6.224E+15
5.665E+15
5.153E+15
4.683E+15
4.252E+15
3.858E+15
3.498E+15
3.171E+15
2.872E+15
2.599E+15
2.350E+15
2.125E+15
1.919E+15
1.732E+15
1.562E+15
1.406E+15
1.266E+15
1.137E+15
1.020E+15
9.128E+14
8.150E+14
7.252E+14
6.426E+14
5.665E+14
4.959E+14
4.302E+14
3.687E+14
3.107E+14
2.554E+14
2.028E+14
1.492E+14
8.391E+13
3.509E+13
1.626E+13
6.184E+12
