grp.12
9.309E+21
9.309E+21
9.308E+21
9.309E+21
9.308E+21
9.309E+21
9.308E+21
9.309E+21
9.308E+21
9.309E+21
9.307E+21
9.308E+21
9.304E+21
9.299E+21
9.278E+21
9.227E+21
9.058E+21
8.536E+21
7.105E+21
4.864E+21
2.774E+21
1.126E+21
2.924E+20
1.319E+20
6.652E+19
4.629E+19
3.568E+19
3.237E+19
2.766E+19
2.434E+19
2.143E+19
1.892E+19
1.595E+19
1.322E+19
1.071E+19
8.653E+18
6.937E+18
5.586E+18
4.497E+18
3.649E+18
2.968E+18
2.434E+18
2.003E+18
1.660E+18
1.381E+18
1.156E+18
9.703E+17
8.190E+17
6.935E+17
5.901E+17
5.039E+17
4.326E+17
3.733E+17
3.244E+17
2.844E+17
2.522E+17
2.269E+17
2.076E+17
1.936E+17
1.833E+17
1.750E+17
1.652E+17
1.501E+17
1.341E+17
1.207E+17
1.089E+17
9.861E+16
8.954E+16
8.156E+16
7.452E+16
6.830E+16
6.293E+16
5.825E+16
5.469E+16
5.229E+16
4.797E+16
4.119E+16
3.397E+16
2.717E+16
2.146E+16
1.694E+16
1.357E+16
1.116E+16
9.500E+15
8.384E+15
7.526E+15
6.829E+15
6.076E+15
5.224E+15
4.549E+15
4.000E+15
3.551E+15
3.181E+15
2.872E+15
2.612E+15
2.391E+15
2.204E+15
2.044E+15
1.908E+15
1.796E+15
1.706E+15
1.641E+15
1.600E+15
1.586E+15
1.586E+15
1.586E+15
1.585E+15
1.585E+15
1.585E+15
1.585E+15
1.584E+15
1.584E+15
1.584E+15
1.584E+15
1.584E+15
1.584E+15
1.583E+15
1.583E+15
1.583E+15
1.583E+15
1.583E+15
1.583E+15
1.583E+15
1.583E+15
1.583E+15
1.582E+15
1.582E+15
1.582E+15
1.582E+15
1.582E+15
1.582E+15
1.582E+15
1.582E+15
1.582E+15
1.582E+15
1.582E+15
1.582E+15
1.582E+15
1.582E+15
1.582E+15
1.582E+15
1.582E+15
1.582E+15
1.582E+15
1.582E+15
1.582E+15
1.582E+15
1.583E+15
1.583E+15
1.583E+15
1.583E+15
1.583E+15
1.584E+15
1.584E+15
1.585E+15
1.585E+15
1.586E+15
1.587E+15
1.595E+15
1.659E+15
1.743E+15
1.757E+15
1.717E+15
1.651E+15
1.564E+15
1.464E+15
1.357E+15
1.246E+15
1.135E+15
1.026E+15
9.219E+14
8.236E+14
7.320E+14
6.476E+14
5.707E+14
5.011E+14
4.386E+14
3.828E+14
3.334E+14
2.897E+14
2.513E+14
2.177E+14
1.884E+14
1.630E+14
1.408E+14
1.217E+14
1.051E+14
9.086E+13
7.855E+13
6.795E+13
5.883E+13
5.098E+13
4.423E+13
3.842E+13
3.342E+13
2.911E+13
2.540E+13
2.220E+13
1.944E+13
1.705E+13
1.499E+13
1.319E+13
1.164E+13
1.028E+13
9.101E+12
8.070E+12
7.170E+12
6.381E+12
5.689E+12
5.081E+12
4.546E+12
4.074E+12
3.659E+12
3.293E+12
2.969E+12
2.684E+12
2.433E+12
2.211E+12
2.016E+12
1.842E+12
1.528E+12
1.090E+12
7.155E+11
3.603E+11
