3.813E+14
3.813E+14
3.813E+14
3.813E+14
3.813E+14
3.813E+14
3.813E+14
3.813E+14
3.813E+14
3.813E+14
3.813E+14
3.813E+14
3.813E+14
3.813E+14
3.813E+14
3.813E+14
3.813E+14
3.813E+14
3.813E+14
3.813E+14
3.813E+14
3.813E+14
3.813E+14
3.813E+14
3.813E+14
3.813E+14
3.813E+14
3.813E+14
3.813E+14
3.813E+14
3.813E+14
3.813E+14
3.813E+14
3.813E+14
3.813E+14
3.813E+14
3.813E+14
3.813E+14
3.813E+14
3.813E+14
3.813E+14
3.813E+14
3.813E+14
3.813E+14
3.813E+14
3.813E+14
3.813E+14
3.813E+14
3.813E+14
3.813E+14
3.813E+14
3.813E+14
3.813E+14
3.813E+14
3.813E+14
3.813E+14
3.813E+14
3.813E+14
3.813E+14
3.813E+14
3.813E+14
3.813E+14
3.813E+14
3.813E+14
3.813E+14
3.813E+14
3.813E+14
3.813E+14
3.813E+14
3.813E+14
3.813E+14
3.813E+14
3.813E+14
3.813E+14
3.813E+14
3.813E+14
3.813E+14
3.813E+14
3.813E+14
3.813E+14
3.813E+14
3.813E+14
3.813E+14
3.813E+14
3.813E+14
3.813E+14
3.813E+14
3.813E+14
3.813E+14
3.813E+14
3.813E+14
3.813E+14
3.813E+14
3.813E+14
3.813E+14
3.813E+14
3.813E+14
3.813E+14
3.813E+14
3.813E+14
3.813E+14
3.813E+14
3.813E+14
3.813E+14
3.813E+14
3.813E+14
3.813E+14
3.813E+14
3.813E+14
3.813E+14
3.813E+14
3.813E+14
3.813E+14
3.813E+14
3.813E+14
3.813E+14
3.813E+14
3.813E+14
3.813E+14
3.813E+14
3.813E+14
3.813E+14
3.813E+14
3.813E+14
3.813E+14
3.813E+14
3.813E+14
3.813E+14
3.813E+14
3.813E+14
3.813E+14
3.813E+14
3.813E+14
3.813E+14
3.813E+14
3.813E+14
3.813E+14
3.813E+14
3.813E+14
3.813E+14
3.813E+14
3.813E+14
3.813E+14
3.813E+14
3.813E+14
3.813E+14
3.813E+14
3.812E+14
3.812E+14
3.812E+14
3.812E+14
3.812E+14
3.812E+14
3.812E+14
3.812E+14
3.812E+14
3.812E+14
3.812E+14
3.812E+14
3.811E+14
3.811E+14
3.811E+14
3.811E+14
3.810E+14
3.810E+14
3.810E+14
3.810E+14
3.809E+14
3.809E+14
3.809E+14
3.808E+14
3.808E+14
3.808E+14
3.807E+14
3.807E+14
3.806E+14
3.805E+14
3.805E+14
3.804E+14
3.803E+14
3.803E+14
3.802E+14
3.801E+14
3.800E+14
3.799E+14
3.798E+14
3.796E+14
3.795E+14
3.793E+14
3.792E+14
3.790E+14
3.788E+14
3.786E+14
3.784E+14
3.781E+14
3.779E+14
3.776E+14
3.773E+14
3.769E+14
3.766E+14
3.762E+14
3.757E+14
3.753E+14
3.748E+14
3.743E+14
3.737E+14
3.730E+14
3.723E+14
3.716E+14
3.708E+14
3.699E+14
3.689E+14
3.679E+14
3.668E+14
3.656E+14
3.643E+14
3.628E+14
3.613E+14
3.596E+14
3.578E+14
3.559E+14
3.538E+14
3.515E+14
3.490E+14
3.464E+14
3.435E+14
3.404E+14
3.371E+14
3.335E+14
3.297E+14
3.255E+14
3.211E+14
3.163E+14
3.112E+14
3.058E+14
2.999E+14
2.937E+14
2.871E+14
2.802E+14
2.728E+14
2.651E+14
2.570E+14
2.486E+14
2.399E+14
2.311E+14
2.222E+14
2.135E+14
2.052E+14
1.974E+14
1.911E+14
1.971E+14
2.065E+14
2.061E+14
1.991E+14
1.868E+14
1.718E+14
1.552E+14
1.384E+14
1.221E+14
1.068E+14
9.273E+13
8.007E+13
6.873E+13
5.869E+13
4.975E+13
4.175E+13
3.451E+13
2.772E+13
2.124E+13
1.450E+13
9.009E+12
6.380E+12
5.005E+12
4.104E+12
3.627E+12
3.780E+12
4.000E+12
3.795E+12
3.397E+12
2.909E+12
2.428E+12
1.983E+12
1.602E+12
1.280E+12
1.020E+12
8.094E+11
6.438E+11
5.110E+11
4.078E+11
3.249E+11
2.604E+11
2.080E+11
1.665E+11
1.314E+11
1.020E+11
8.157E+10
7.138E+10
6.228E+10
5.519E+10
4.878E+10
4.365E+10
3.899E+10
3.518E+10
3.171E+10
2.883E+10
2.622E+10
2.403E+10
2.209E+10
2.050E+10
1.914E+10
1.813E+10
1.735E+10
1.663E+10
1.583E+10
1.503E+10
1.423E+10
1.344E+10
1.266E+10
1.190E+10
1.114E+10
1.039E+10
9.629E+09
8.843E+09
8.018E+09
7.121E+09
6.150E+09
5.023E+09
4.130E+09
3.224E+09
2.396E+09
1.969E+09
1.615E+09
1.306E+09
1.165E+09
1.161E+09
1.158E+09
1.155E+09
1.153E+09
1.151E+09
1.148E+09
1.147E+09
1.145E+09
1.143E+09
1.141E+09
1.140E+09
1.139E+09
1.137E+09
1.136E+09
1.135E+09
1.134E+09
1.133E+09
1.132E+09
1.131E+09
1.130E+09
1.129E+09
1.128E+09
1.127E+09
1.126E+09
1.126E+09
1.125E+09
1.124E+09
1.124E+09
1.123E+09
1.123E+09
1.122E+09
1.122E+09
1.122E+09
1.121E+09
1.121E+09
1.121E+09
1.121E+09
1.121E+09
1.120E+09
1.121E+09
1.121E+09
1.121E+09
1.121E+09
1.121E+09
1.122E+09
1.123E+09
1.123E+09
1.124E+09
1.125E+09
1.118E+09
1.139E+09
1.161E+09
1.137E+09
1.103E+09
1.064E+09
1.020E+09
9.728E+08
9.236E+08
8.730E+08
8.218E+08
7.705E+08
7.197E+08
6.700E+08
6.217E+08
5.751E+08
5.304E+08
4.879E+08
4.476E+08
4.097E+08
3.741E+08
3.409E+08
3.101E+08
2.815E+08
2.551E+08
2.309E+08
2.086E+08
1.882E+08
1.696E+08
1.526E+08
1.372E+08
1.233E+08
1.106E+08
9.920E+07
8.887E+07
7.958E+07
7.120E+07
6.368E+07
5.692E+07
5.085E+07
4.540E+07
4.053E+07
3.616E+07
3.225E+07
2.875E+07
2.561E+07
2.281E+07
2.030E+07
1.805E+07
1.603E+07
1.422E+07
1.259E+07
1.113E+07
9.801E+06
8.602E+06
7.509E+06
6.511E+06
5.590E+06
4.737E+06
3.931E+06
3.170E+06
2.405E+06
1.568E+06
9.425E+05
6.172E+05
4.051E+05
2.461E+05
