grp.	RegionFlux
1       1.351E+07
2       3.821E+07
3       6.648E+07
4       8.518E+07
5       2.377E+08
6       3.695E+09
7       1.008E+10
8       3.872E+10
9       1.016E+11
10      5.079E+10
11      2.017E+11
12      1.667E+11
13      5.802E+10
14      2.258E+11
15      2.024E+11
16      6.645E+10
17      3.176E+10
18      2.546E+10
19      4.722E+10
20      4.165E+10
21      8.839E+10
22      7.008E+10
23      7.418E+10
24      1.690E+10
25      2.334E+10
26      1.190E+10
27      4.375E+10
28      7.863E+10
29      9.833E+10
30      1.045E+10
31      1.045E+11
32      3.743E+10
33      3.035E+10
34      6.736E+10
35      3.844E+10
36      4.066E+10
37      2.354E+10
38      2.375E+10
39      1.189E+11
40      1.089E+11
41      1.310E+11
42      1.156E+11
43      6.145E+10
44      7.290E+10
45      4.438E+10
46      1.256E+10
47      2.811E+10
48      5.740E+09
49      5.537E+10
50      3.069E+10
51      6.839E+09
52      3.100E+10
53      7.546E+10
54      6.251E+10
55      8.059E+10
56      4.624E+10
57      6.190E+10
58      2.553E+10
59      4.952E+10
60      8.269E+10
61      8.319E+09
62      4.655E+10
63      3.013E+10
64      1.821E+10
65      6.026E+09
66      4.239E+10
67      3.383E+10
68      7.257E+09
69      5.522E+10
70      3.344E+10
71      6.459E+10
72      3.699E+09
73      3.803E+10
74      1.061E+11
75      1.219E+10
76      3.487E+10
77      2.730E+10
78      2.432E+09
79      1.518E+10
80      6.911E+09
81      8.410E+10
82      4.875E+09
83      6.699E+09
84      1.233E+10
85      1.513E+10
86      2.072E+10
87      1.829E+10
88      4.839E+09
89      1.006E+10
90      1.061E+10
91      1.267E+10
92      7.405E+09
93      1.247E+10
94      6.539E+09
95      1.962E+10
96      5.213E+09
97      5.349E+09
98      5.503E+09
99      3.621E+09
100     5.353E+09
101     7.661E+09
102     5.281E+09
103     7.270E+09
104     6.588E+09
105     6.816E+09
106     2.491E+09
107     5.600E+09
108     5.234E+09
109     8.122E+09
110     5.038E+09
111     4.877E+09
112     2.929E+09
113     9.057E+09
114     3.113E+09
115     8.005E+09
116     1.710E+10
117     1.872E+10
118     2.068E+10
119     1.349E+10
120     9.525E+09
121     1.002E+10
122     5.207E+09
123     1.655E+10
124     1.182E+10
125     1.129E+10
126     9.244E+09
127     8.992E+09
128     1.242E+10
129     1.571E+10
130     6.627E+09
131     2.727E+10
132     1.824E+10
133     2.252E+10
134     2.407E+10
135     4.030E+09
136     6.925E+09
137     7.192E+09
138     7.475E+09
139     7.776E+09
140     2.018E+10
141     1.462E+10
142     9.688E+09
143     3.276E+10
144     1.295E+10
145     1.178E+10
146     1.956E+10
147     5.885E+09
148     3.013E+09
149     2.129E+09
150     6.948E+09
151     6.564E+09
152     6.732E+09
153     7.104E+09
154     7.405E+09
155     6.934E+09
156     6.384E+09
157     7.466E+09
158     7.771E+09
159     1.095E+10
160     5.713E+09
161     7.899E+09
162     9.305E+09
163     9.799E+09
164     1.035E+10
165     1.097E+10
166     6.369E+09
167     6.596E+09
168     6.842E+09
169     7.088E+09
170     7.371E+09
171     3.796E+09
172     3.874E+09
173     3.970E+09
174     4.052E+09
175     1.644E+09
176     1.656E+09
177     1.669E+09
178     1.686E+09
179     1.702E+09
180     1.716E+09
181     1.729E+09
182     1.747E+09
183     1.765E+09
184     1.779E+09
185     1.795E+09
186     1.814E+09
187     1.833E+09
188     1.856E+09
189     1.874E+09
190     4.774E+09
191     4.883E+09
192     5.009E+09
193     5.139E+09
194     1.077E+10
195     1.144E+10
196     1.217E+10
197     1.313E+10
198     1.404E+10
199     7.442E+09
200     7.820E+09
201     1.654E+10
202     1.836E+10
203     2.001E+10
204     2.249E+10
205     1.237E+10
206     1.330E+10
207     1.405E+10
208     1.603E+10
209     1.744E+10
210     2.139E+10
211     2.669E+10
212     3.616E+10
213     5.673E+10
214     9.423E+10
215     1.613E+11
216     2.957E+11
217     1.756E+11
218     2.243E+11
219     2.698E+11
220     3.230E+11
221     3.753E+11
222     4.118E+11
223     4.280E+11
224     1.899E+11
225     5.029E+11
226     4.738E+10
227     3.320E+10
228     9.158E+09
229     6.831E+09
230     2.553E+09
231     1.996E+09
232     1.458E+09
233     6.277E+08
234     3.207E+08
235     2.969E+08
236     1.909E+08
237     1.202E+08
238     3.304E+06
