RegionFlux
1.351E+07
3.821E+07
6.648E+07
8.518E+07
2.377E+08
3.695E+09
1.008E+10
3.872E+10
1.016E+11
5.079E+10
2.017E+11
1.667E+11
5.802E+10
2.258E+11
2.024E+11
6.645E+10
3.176E+10
2.546E+10
4.722E+10
4.165E+10
8.839E+10
7.008E+10
7.418E+10
1.690E+10
2.334E+10
1.190E+10
4.375E+10
7.863E+10
9.833E+10
1.045E+10
1.045E+11
3.743E+10
3.035E+10
6.736E+10
3.844E+10
4.066E+10
2.354E+10
2.375E+10
1.189E+11
1.089E+11
1.310E+11
1.156E+11
6.145E+10
7.290E+10
4.438E+10
1.256E+10
2.811E+10
5.740E+09
5.537E+10
3.069E+10
6.839E+09
3.100E+10
7.546E+10
6.251E+10
8.059E+10
4.624E+10
6.190E+10
2.553E+10
4.952E+10
8.269E+10
8.319E+09
4.655E+10
3.013E+10
1.821E+10
6.026E+09
4.239E+10
3.383E+10
7.257E+09
5.522E+10
3.344E+10
6.459E+10
3.699E+09
3.803E+10
1.061E+11
1.219E+10
3.487E+10
2.730E+10
2.432E+09
1.518E+10
6.911E+09
8.410E+10
4.875E+09
6.699E+09
1.233E+10
1.513E+10
2.072E+10
1.829E+10
4.839E+09
1.006E+10
1.061E+10
1.267E+10
7.405E+09
1.247E+10
6.539E+09
1.962E+10
5.213E+09
5.349E+09
5.503E+09
3.621E+09
5.353E+09
7.661E+09
5.281E+09
7.270E+09
6.588E+09
6.816E+09
2.491E+09
5.600E+09
5.234E+09
8.122E+09
5.038E+09
4.877E+09
2.929E+09
9.057E+09
3.113E+09
8.005E+09
1.710E+10
1.872E+10
2.068E+10
1.349E+10
9.525E+09
1.002E+10
5.207E+09
1.655E+10
1.182E+10
1.129E+10
9.244E+09
8.992E+09
1.242E+10
1.571E+10
6.627E+09
2.727E+10
1.824E+10
2.252E+10
2.407E+10
4.030E+09
6.925E+09
7.192E+09
7.475E+09
7.776E+09
2.018E+10
1.462E+10
9.688E+09
3.276E+10
1.295E+10
1.178E+10
1.956E+10
5.885E+09
3.013E+09
2.129E+09
6.948E+09
6.564E+09
6.732E+09
7.104E+09
7.405E+09
6.934E+09
6.384E+09
7.466E+09
7.771E+09
1.095E+10
5.713E+09
7.899E+09
9.305E+09
9.799E+09
1.035E+10
1.097E+10
6.369E+09
6.596E+09
6.842E+09
7.088E+09
7.371E+09
3.796E+09
3.874E+09
3.970E+09
4.052E+09
1.644E+09
1.656E+09
1.669E+09
1.686E+09
1.702E+09
1.716E+09
1.729E+09
1.747E+09
1.765E+09
1.779E+09
1.795E+09
1.814E+09
1.833E+09
1.856E+09
1.874E+09
4.774E+09
4.883E+09
5.009E+09
5.139E+09
1.077E+10
1.144E+10
1.217E+10
1.313E+10
1.404E+10
7.442E+09
7.820E+09
1.654E+10
1.836E+10
2.001E+10
2.249E+10
1.237E+10
1.330E+10
1.405E+10
1.603E+10
1.744E+10
2.139E+10
2.669E+10
3.616E+10
5.673E+10
9.423E+10
1.613E+11
2.957E+11
1.756E+11
2.243E+11
2.698E+11
3.230E+11
3.753E+11
4.118E+11
4.280E+11
1.899E+11
5.029E+11
4.738E+10
3.320E+10
9.158E+09
6.831E+09
2.553E+09
1.996E+09
1.458E+09
6.277E+08
3.207E+08
2.969E+08
1.909E+08
1.202E+08
3.304E+06
