int.   grp.233      grp.234      grp.235      grp.236      grp.237      grp.238
1    3.377E+09    1.843E+09    1.844E+09    1.330E+09    1.040E+09    3.960E+07
2    3.377E+09    1.843E+09    1.844E+09    1.330E+09    1.040E+09    3.960E+07
3    3.377E+09    1.843E+09    1.844E+09    1.330E+09    1.040E+09    3.960E+07
4    3.377E+09    1.843E+09    1.844E+09    1.330E+09    1.040E+09    3.960E+07
5    3.377E+09    1.843E+09    1.844E+09    1.330E+09    1.040E+09    3.960E+07
6    3.377E+09    1.843E+09    1.844E+09    1.330E+09    1.040E+09    3.960E+07
7    3.377E+09    1.843E+09    1.844E+09    1.330E+09    1.040E+09    3.960E+07
8    3.377E+09    1.843E+09    1.844E+09    1.330E+09    1.040E+09    3.960E+07
9    3.377E+09    1.843E+09    1.844E+09    1.330E+09    1.040E+09    3.960E+07                          
10    3.377E+09    1.843E+09    1.844E+09    1.330E+09    1.040E+09    3.960E+07                          
11    3.377E+09    1.843E+09    1.844E+09    1.330E+09    1.040E+09    3.960E+07                          
12    3.377E+09    1.843E+09    1.844E+09    1.330E+09    1.040E+09    3.960E+07                          
13    3.377E+09    1.843E+09    1.844E+09    1.330E+09    1.040E+09    3.960E+07                          
14    3.377E+09    1.843E+09    1.844E+09    1.330E+09    1.040E+09    3.960E+07                          
15    3.377E+09    1.843E+09    1.844E+09    1.330E+09    1.040E+09    3.960E+07                          
16    3.377E+09    1.843E+09    1.844E+09    1.330E+09    1.040E+09    3.960E+07                          
17    3.377E+09    1.843E+09    1.844E+09    1.330E+09    1.040E+09    3.960E+07                          
18    3.377E+09    1.843E+09    1.844E+09    1.330E+09    1.040E+09    3.960E+07                          
19    3.377E+09    1.843E+09    1.844E+09    1.330E+09    1.040E+09    3.960E+07                          
20    3.377E+09    1.843E+09    1.844E+09    1.330E+09    1.040E+09    3.960E+07                          
21    3.377E+09    1.843E+09    1.844E+09    1.330E+09    1.040E+09    3.960E+07                          
22    3.377E+09    1.843E+09    1.844E+09    1.330E+09    1.040E+09    3.960E+07                          
23    3.377E+09    1.843E+09    1.844E+09    1.330E+09    1.040E+09    3.960E+07                          
24    3.377E+09    1.843E+09    1.844E+09    1.330E+09    1.040E+09    3.960E+07                          
25    3.377E+09    1.843E+09    1.844E+09    1.330E+09    1.040E+09    3.960E+07                          
26    3.377E+09    1.843E+09    1.844E+09    1.330E+09    1.040E+09    3.960E+07                          
27    3.377E+09    1.843E+09    1.844E+09    1.330E+09    1.040E+09    3.960E+07                          
28    3.377E+09    1.843E+09    1.844E+09    1.330E+09    1.040E+09    3.960E+07                          
29    3.377E+09    1.843E+09    1.844E+09    1.330E+09    1.040E+09    3.960E+07
30    3.377E+09    1.843E+09    1.844E+09    1.330E+09    1.040E+09    3.960E+07                          
31    3.377E+09    1.843E+09    1.844E+09    1.330E+09    1.040E+09    3.960E+07                          
32    3.377E+09    1.843E+09    1.844E+09    1.330E+09    1.040E+09    3.960E+07                          
33    3.377E+09    1.843E+09    1.844E+09    1.330E+09    1.040E+09    3.960E+07
34    3.377E+09    1.843E+09    1.844E+09    1.330E+09    1.040E+09    3.960E+07
35    3.377E+09    1.843E+09    1.844E+09    1.330E+09    1.040E+09    3.960E+07
36    3.377E+09    1.843E+09    1.844E+09    1.330E+09    1.040E+09    3.960E+07
37    3.377E+09    1.843E+09    1.844E+09    1.330E+09    1.040E+09    3.960E+07
38    3.377E+09    1.843E+09    1.844E+09    1.330E+09    1.040E+09    3.960E+07
39    3.377E+09    1.843E+09    1.844E+09    1.330E+09    1.040E+09    3.960E+07
40    3.377E+09    1.843E+09    1.844E+09    1.330E+09    1.040E+09    3.960E+07
41    3.377E+09    1.843E+09    1.844E+09    1.330E+09    1.040E+09    3.960E+07
42    3.377E+09    1.843E+09    1.844E+09    1.330E+09    1.040E+09    3.960E+07
43    3.377E+09    1.843E+09    1.844E+09    1.330E+09    1.040E+09    3.960E+07
44    3.377E+09    1.843E+09    1.844E+09    1.330E+09    1.040E+09    3.960E+07
45    3.377E+09    1.843E+09    1.844E+09    1.330E+09    1.040E+09    3.960E+07
46    3.377E+09    1.843E+09    1.844E+09    1.330E+09    1.040E+09    3.960E+07
47    3.377E+09    1.843E+09    1.844E+09    1.330E+09    1.040E+09    3.960E+07
48    3.377E+09    1.843E+09    1.844E+09    1.330E+09    1.040E+09    3.960E+07
49    3.377E+09    1.843E+09    1.844E+09    1.330E+09    1.040E+09    3.960E+07
50    3.377E+09    1.843E+09    1.844E+09    1.330E+09    1.040E+09    3.960E+07
51    3.377E+09    1.843E+09    1.844E+09    1.330E+09    1.040E+09    3.960E+07
52    3.377E+09    1.843E+09    1.844E+09    1.330E+09    1.040E+09    3.960E+07
53    3.377E+09    1.843E+09    1.844E+09    1.330E+09    1.040E+09    3.960E+07
54    3.377E+09    1.843E+09    1.844E+09    1.330E+09    1.040E+09    3.960E+07
55    3.377E+09    1.843E+09    1.844E+09    1.330E+09    1.040E+09    3.960E+07
56    3.377E+09    1.843E+09    1.844E+09    1.330E+09    1.040E+09    3.960E+07
57    3.377E+09    1.843E+09    1.844E+09    1.330E+09    1.040E+09    3.960E+07
58    3.377E+09    1.843E+09    1.844E+09    1.330E+09    1.040E+09    3.960E+07
59    3.377E+09    1.843E+09    1.844E+09    1.330E+09    1.040E+09    3.960E+07
60    3.377E+09    1.843E+09    1.844E+09    1.330E+09    1.040E+09    3.960E+07
61    3.377E+09    1.843E+09    1.844E+09    1.330E+09    1.040E+09    3.960E+07
62    3.377E+09    1.843E+09    1.844E+09    1.330E+09    1.040E+09    3.960E+07
63    3.377E+09    1.843E+09    1.844E+09    1.330E+09    1.040E+09    3.960E+07
64    3.377E+09    1.843E+09    1.844E+09    1.330E+09    1.040E+09    3.960E+07
65    3.377E+09    1.843E+09    1.844E+09    1.330E+09    1.040E+09    3.960E+07
66    3.377E+09    1.843E+09    1.844E+09    1.330E+09    1.040E+09    3.960E+07
67    3.377E+09    1.843E+09    1.844E+09    1.330E+09    1.040E+09    3.960E+07
68    3.377E+09    1.843E+09    1.844E+09    1.330E+09    1.040E+09    3.960E+07
69    3.377E+09    1.843E+09    1.844E+09    1.330E+09    1.040E+09    3.960E+07
70    3.377E+09    1.843E+09    1.844E+09    1.330E+09    1.040E+09    3.960E+07
71    3.377E+09    1.843E+09    1.844E+09    1.330E+09    1.040E+09    3.960E+07
72    3.377E+09    1.843E+09    1.844E+09    1.330E+09    1.040E+09    3.960E+07
73    3.377E+09    1.843E+09    1.844E+09    1.330E+09    1.040E+09    3.960E+07
74    3.377E+09    1.843E+09    1.844E+09    1.330E+09    1.040E+09    3.960E+07
75    3.377E+09    1.843E+09    1.844E+09    1.330E+09    1.040E+09    3.960E+07
76    3.377E+09    1.843E+09    1.844E+09    1.330E+09    1.040E+09    3.960E+07
77    3.377E+09    1.843E+09    1.844E+09    1.330E+09    1.040E+09    3.960E+07
78    3.377E+09    1.843E+09    1.844E+09    1.330E+09    1.040E+09    3.960E+07
79    3.377E+09    1.843E+09    1.844E+09    1.330E+09    1.040E+09    3.960E+07
80    3.377E+09    1.843E+09    1.844E+09    1.330E+09    1.040E+09    3.960E+07
81    3.377E+09    1.843E+09    1.844E+09    1.330E+09    1.040E+09    3.960E+07
82    3.377E+09    1.843E+09    1.844E+09    1.330E+09    1.040E+09    3.960E+07
83    3.377E+09    1.843E+09    1.844E+09    1.330E+09    1.040E+09    3.960E+07
84    3.377E+09    1.843E+09    1.844E+09    1.330E+09    1.040E+09    3.960E+07
85    3.377E+09    1.843E+09    1.844E+09    1.330E+09    1.040E+09    3.960E+07
86    3.377E+09    1.843E+09    1.844E+09    1.330E+09    1.040E+09    3.960E+07
87    3.377E+09    1.843E+09    1.844E+09    1.330E+09    1.040E+09    3.960E+07
88    3.377E+09    1.843E+09    1.844E+09    1.330E+09    1.040E+09    3.960E+07
89    3.377E+09    1.843E+09    1.844E+09    1.330E+09    1.040E+09    3.960E+07
90    3.377E+09    1.843E+09    1.844E+09    1.330E+09    1.040E+09    3.960E+07
91    3.377E+09    1.843E+09    1.844E+09    1.330E+09    1.040E+09    3.960E+07
92    3.377E+09    1.843E+09    1.844E+09    1.330E+09    1.040E+09    3.960E+07
93    3.377E+09    1.843E+09    1.844E+09    1.330E+09    1.040E+09    3.960E+07
94    3.377E+09    1.843E+09    1.844E+09    1.330E+09    1.040E+09    3.960E+07
95    3.377E+09    1.843E+09    1.844E+09    1.330E+09    1.040E+09    3.960E+07
96    3.377E+09    1.843E+09    1.844E+09    1.330E+09    1.040E+09    3.960E+07
97    3.377E+09    1.843E+09    1.844E+09    1.330E+09    1.040E+09    3.960E+07
98    3.377E+09    1.843E+09    1.844E+09    1.330E+09    1.040E+09    3.960E+07
99    3.377E+09    1.843E+09    1.844E+09    1.330E+09    1.040E+09    3.960E+07
100    3.377E+09    1.843E+09    1.844E+09    1.330E+09    1.040E+09    3.960E+07
101    3.377E+09    1.843E+09    1.844E+09    1.330E+09    1.040E+09    3.960E+07
102    3.377E+09    1.843E+09    1.844E+09    1.330E+09    1.040E+09    3.960E+07
103    3.377E+09    1.843E+09    1.844E+09    1.330E+09    1.040E+09    3.960E+07
104    3.377E+09    1.843E+09    1.844E+09    1.330E+09    1.040E+09    3.960E+07
105    3.377E+09    1.843E+09    1.844E+09    1.330E+09    1.040E+09    3.960E+07
106    3.377E+09    1.843E+09    1.844E+09    1.330E+09    1.040E+09    3.960E+07
107    3.377E+09    1.843E+09    1.844E+09    1.330E+09    1.040E+09    3.960E+07
108    3.377E+09    1.843E+09    1.844E+09    1.330E+09    1.040E+09    3.960E+07
109    3.377E+09    1.843E+09    1.844E+09    1.330E+09    1.040E+09    3.960E+07
110    3.377E+09    1.843E+09    1.844E+09    1.330E+09    1.040E+09    3.960E+07
111    3.377E+09    1.843E+09    1.844E+09    1.330E+09    1.040E+09    3.960E+07
112    3.377E+09    1.843E+09    1.844E+09    1.330E+09    1.040E+09    3.960E+07
113    3.377E+09    1.843E+09    1.844E+09    1.330E+09    1.040E+09    3.960E+07
114    3.377E+09    1.843E+09    1.844E+09    1.330E+09    1.040E+09    3.960E+07
115    3.377E+09    1.843E+09    1.844E+09    1.330E+09    1.040E+09    3.960E+07
116    3.377E+09    1.843E+09    1.844E+09    1.330E+09    1.040E+09    3.960E+07
117    3.377E+09    1.843E+09    1.844E+09    1.330E+09    1.040E+09    3.960E+07
118    3.377E+09    1.843E+09    1.844E+09    1.330E+09    1.040E+09    3.960E+07
119    3.377E+09    1.843E+09    1.844E+09    1.330E+09    1.040E+09    3.960E+07
120    3.377E+09    1.843E+09    1.844E+09    1.330E+09    1.040E+09    3.960E+07
121    3.377E+09    1.843E+09    1.844E+09    1.330E+09    1.040E+09    3.960E+07
122    3.377E+09    1.843E+09    1.844E+09    1.330E+09    1.040E+09    3.960E+07
123    3.377E+09    1.843E+09    1.844E+09    1.330E+09    1.040E+09    3.960E+07
124    3.377E+09    1.843E+09    1.844E+09    1.330E+09    1.040E+09    3.959E+07
125    3.377E+09    1.843E+09    1.844E+09    1.330E+09    1.040E+09    3.959E+07
126    3.377E+09    1.843E+09    1.844E+09    1.330E+09    1.040E+09    3.959E+07
127    3.377E+09    1.843E+09    1.844E+09    1.330E+09    1.040E+09    3.959E+07
128    3.377E+09    1.843E+09    1.844E+09    1.329E+09    1.040E+09    3.959E+07
129    3.377E+09    1.843E+09    1.844E+09    1.329E+09    1.040E+09    3.959E+07
130    3.377E+09    1.843E+09    1.844E+09    1.329E+09    1.040E+09    3.959E+07
131    3.377E+09    1.843E+09    1.844E+09    1.329E+09    1.040E+09    3.959E+07
132    3.377E+09    1.843E+09    1.844E+09    1.329E+09    1.040E+09    3.959E+07
133    3.377E+09    1.843E+09    1.844E+09    1.329E+09    1.040E+09    3.959E+07
134    3.377E+09    1.843E+09    1.844E+09    1.329E+09    1.040E+09    3.959E+07
135    3.377E+09    1.843E+09    1.844E+09    1.329E+09    1.040E+09    3.959E+07
136    3.377E+09    1.843E+09    1.844E+09    1.329E+09    1.040E+09    3.959E+07
137    3.377E+09    1.843E+09    1.844E+09    1.329E+09    1.040E+09    3.959E+07
138    3.377E+09    1.843E+09    1.844E+09    1.329E+09    1.040E+09    3.959E+07
139    3.376E+09    1.843E+09    1.844E+09    1.329E+09    1.040E+09    3.959E+07
140    3.376E+09    1.843E+09    1.844E+09    1.329E+09    1.040E+09    3.959E+07
141    3.376E+09    1.843E+09    1.844E+09    1.329E+09    1.040E+09    3.959E+07
142    3.376E+09    1.843E+09    1.843E+09    1.329E+09    1.040E+09    3.959E+07
143    3.376E+09    1.843E+09    1.843E+09    1.329E+09    1.040E+09    3.959E+07
144    3.376E+09    1.843E+09    1.843E+09    1.329E+09    1.040E+09    3.959E+07
145    3.376E+09    1.843E+09    1.843E+09    1.329E+09    1.040E+09    3.959E+07
146    3.376E+09    1.843E+09    1.843E+09    1.329E+09    1.040E+09    3.958E+07
147    3.376E+09    1.842E+09    1.843E+09    1.329E+09    1.040E+09    3.958E+07
148    3.376E+09    1.842E+09    1.843E+09    1.329E+09    1.039E+09    3.958E+07
149    3.376E+09    1.842E+09    1.843E+09    1.329E+09    1.039E+09    3.958E+07
150    3.376E+09    1.842E+09    1.843E+09    1.329E+09    1.039E+09    3.958E+07
151    3.375E+09    1.842E+09    1.843E+09    1.329E+09    1.039E+09    3.958E+07
152    3.375E+09    1.842E+09    1.843E+09    1.329E+09    1.039E+09    3.958E+07
153    3.375E+09    1.842E+09    1.843E+09    1.329E+09    1.039E+09    3.958E+07
154    3.375E+09    1.842E+09    1.843E+09    1.329E+09    1.039E+09    3.957E+07
155    3.375E+09    1.842E+09    1.843E+09    1.329E+09    1.039E+09    3.957E+07
156    3.375E+09    1.842E+09    1.843E+09    1.329E+09    1.039E+09    3.957E+07
157    3.375E+09    1.842E+09    1.842E+09    1.329E+09    1.039E+09    3.957E+07
158    3.374E+09    1.842E+09    1.842E+09    1.328E+09    1.039E+09    3.956E+07
159    3.374E+09    1.841E+09    1.842E+09    1.328E+09    1.039E+09    3.956E+07
160    3.374E+09    1.841E+09    1.842E+09    1.328E+09    1.039E+09    3.956E+07
161    3.374E+09    1.841E+09    1.842E+09    1.328E+09    1.039E+09    3.956E+07
162    3.373E+09    1.841E+09    1.842E+09    1.328E+09    1.039E+09    3.955E+07
163    3.373E+09    1.841E+09    1.842E+09    1.328E+09    1.039E+09    3.955E+07
164    3.373E+09    1.841E+09    1.841E+09    1.328E+09    1.039E+09    3.955E+07
165    3.372E+09    1.840E+09    1.841E+09    1.328E+09    1.038E+09    3.954E+07
166    3.372E+09    1.840E+09    1.841E+09    1.328E+09    1.038E+09    3.954E+07
167    3.371E+09    1.840E+09    1.841E+09    1.327E+09    1.038E+09    3.953E+07
168    3.371E+09    1.840E+09    1.841E+09    1.327E+09    1.038E+09    3.953E+07
169    3.370E+09    1.839E+09    1.840E+09    1.327E+09    1.038E+09    3.952E+07
170    3.370E+09    1.839E+09    1.840E+09    1.327E+09    1.038E+09    3.952E+07
171    3.369E+09    1.839E+09    1.840E+09    1.327E+09    1.038E+09    3.951E+07
172    3.369E+09    1.839E+09    1.839E+09    1.326E+09    1.037E+09    3.950E+07
173    3.368E+09    1.838E+09    1.839E+09    1.326E+09    1.037E+09    3.949E+07
174    3.367E+09    1.838E+09    1.839E+09    1.326E+09    1.037E+09    3.949E+07
175    3.367E+09    1.837E+09    1.838E+09    1.325E+09    1.037E+09    3.948E+07
176    3.366E+09    1.837E+09    1.838E+09    1.325E+09    1.036E+09    3.947E+07
177    3.365E+09    1.836E+09    1.837E+09    1.325E+09    1.036E+09    3.946E+07
178    3.364E+09    1.836E+09    1.837E+09    1.324E+09    1.036E+09    3.945E+07
179    3.363E+09    1.835E+09    1.836E+09    1.324E+09    1.035E+09    3.943E+07
180    3.361E+09    1.835E+09    1.835E+09    1.323E+09    1.035E+09    3.942E+07
181    3.360E+09    1.834E+09    1.835E+09    1.323E+09    1.035E+09    3.940E+07
182    3.359E+09    1.833E+09    1.834E+09    1.322E+09    1.034E+09    3.939E+07
183    3.357E+09    1.832E+09    1.833E+09    1.322E+09    1.034E+09    3.937E+07
184    3.356E+09    1.831E+09    1.832E+09    1.321E+09    1.033E+09    3.935E+07
185    3.354E+09    1.830E+09    1.831E+09    1.320E+09    1.033E+09    3.933E+07
186    3.352E+09    1.829E+09    1.830E+09    1.320E+09    1.032E+09    3.931E+07
187    3.350E+09    1.828E+09    1.829E+09    1.319E+09    1.032E+09    3.929E+07
188    3.347E+09    1.827E+09    1.828E+09    1.318E+09    1.031E+09    3.926E+07
189    3.345E+09    1.826E+09    1.826E+09    1.317E+09    1.030E+09    3.923E+07
190    3.342E+09    1.824E+09    1.825E+09    1.316E+09    1.029E+09    3.920E+07
191    3.339E+09    1.823E+09    1.823E+09    1.315E+09    1.028E+09    3.917E+07
192    3.336E+09    1.821E+09    1.822E+09    1.314E+09    1.027E+09    3.914E+07
193    3.333E+09    1.819E+09    1.820E+09    1.312E+09    1.026E+09    3.910E+07
194    3.329E+09    1.817E+09    1.818E+09    1.311E+09    1.025E+09    3.906E+07
195    3.325E+09    1.815E+09    1.816E+09    1.309E+09    1.024E+09    3.901E+07
196    3.321E+09    1.812E+09    1.813E+09    1.308E+09    1.023E+09    3.896E+07
197    3.316E+09    1.810E+09    1.811E+09    1.306E+09    1.021E+09    3.891E+07
198    3.311E+09    1.807E+09    1.808E+09    1.304E+09    1.020E+09    3.885E+07
199    3.306E+09    1.804E+09    1.805E+09    1.302E+09    1.018E+09    3.879E+07
200    3.300E+09    1.801E+09    1.802E+09    1.299E+09    1.016E+09    3.873E+07
201    3.293E+09    1.797E+09    1.798E+09    1.297E+09    1.014E+09    3.865E+07
202    3.286E+09    1.794E+09    1.795E+09    1.294E+09    1.012E+09    3.858E+07
203    3.279E+09    1.790E+09    1.790E+09    1.291E+09    1.010E+09    3.848E+07
204    3.271E+09    1.785E+09    1.786E+09    1.288E+09    1.008E+09    3.840E+07
205    3.262E+09    1.780E+09    1.781E+09    1.285E+09    1.005E+09    3.829E+07
206    3.253E+09    1.775E+09    1.776E+09    1.281E+09    1.002E+09    3.819E+07
207    3.243E+09    1.770E+09    1.771E+09    1.277E+09    9.989E+08    3.807E+07
208    3.232E+09    1.764E+09    1.765E+09    1.273E+09    9.955E+08    3.795E+07
209    3.220E+09    1.757E+09    1.758E+09    1.268E+09    9.919E+08    3.781E+07
210    3.207E+09    1.750E+09    1.751E+09    1.263E+09    9.880E+08    3.768E+07
211    3.193E+09    1.743E+09    1.744E+09    1.258E+09    9.838E+08    3.751E+07
212    3.178E+09    1.735E+09    1.736E+09    1.252E+09    9.793E+08    3.735E+07
213    3.163E+09    1.726E+09    1.727E+09    1.246E+09    9.745E+08    3.715E+07
214    3.146E+09    1.717E+09    1.718E+09    1.239E+09    9.693E+08    3.698E+07
215    3.127E+09    1.707E+09    1.708E+09    1.232E+09    9.637E+08    3.675E+07
216    3.108E+09    1.696E+09    1.697E+09    1.224E+09    9.577E+08    3.655E+07
217    3.087E+09    1.685E+09    1.686E+09    1.216E+09    9.513E+08    3.628E+07
218    3.064E+09    1.673E+09    1.674E+09    1.207E+09    9.445E+08    3.605E+07
219    3.041E+09    1.660E+09    1.661E+09    1.198E+09    9.371E+08    3.575E+07
220    3.015E+09    1.646E+09    1.647E+09    1.188E+09    9.295E+08    3.549E+07
221    2.988E+09    1.631E+09    1.632E+09    1.177E+09    9.211E+08    3.514E+07
222    2.960E+09    1.616E+09    1.617E+09    1.166E+09    9.125E+08    3.485E+07
223    2.930E+09    1.599E+09    1.600E+09    1.154E+09    9.030E+08    3.446E+07
224    2.898E+09    1.582E+09    1.583E+09    1.142E+09    8.936E+08    3.414E+07
225    2.865E+09    1.564E+09    1.565E+09    1.128E+09    8.830E+08    3.369E+07
226    2.830E+09    1.545E+09    1.546E+09    1.115E+09    8.727E+08    3.334E+07
227    2.794E+09    1.525E+09    1.526E+09    1.101E+09    8.611E+08    3.285E+07
228    2.757E+09    1.505E+09    1.506E+09    1.086E+09    8.501E+08    3.248E+07
229    2.719E+09    1.484E+09    1.485E+09    1.071E+09    8.376E+08    3.195E+07
230    2.681E+09    1.463E+09    1.464E+09    1.056E+09    8.264E+08    3.157E+07
231    2.642E+09    1.442E+09    1.442E+09    1.040E+09    8.134E+08    3.100E+07
232    2.605E+09    1.422E+09    1.422E+09    1.026E+09    8.027E+08    3.064E+07
233    2.568E+09    1.401E+09    1.402E+09    1.010E+09    7.898E+08    3.006E+07
234    2.536E+09    1.384E+09    1.384E+09    9.982E+08    7.810E+08    2.976E+07
235    2.507E+09    1.367E+09    1.367E+09    9.853E+08    7.695E+08    2.920E+07
236    2.487E+09    1.357E+09    1.357E+09    9.780E+08    7.647E+08    2.905E+07
237    2.473E+09    1.349E+09    1.348E+09    9.705E+08    7.569E+08    2.859E+07
238    2.479E+09    1.352E+09    1.351E+09    9.732E+08    7.599E+08    2.873E+07
239    2.496E+09    1.360E+09    1.358E+09    9.766E+08    7.598E+08    2.848E+07
240    2.549E+09    1.389E+09    1.387E+09    9.980E+08    7.776E+08    2.915E+07
241    2.624E+09    1.428E+09    1.424E+09    1.022E+09    7.924E+08    2.934E+07
242    2.766E+09    1.505E+09    1.502E+09    1.078E+09    8.372E+08    3.101E+07
243    2.947E+09    1.601E+09    1.594E+09    1.141E+09    8.799E+08    3.199E+07
244    3.258E+09    1.770E+09    1.762E+09    1.262E+09    9.749E+08    3.558E+07
245    3.640E+09    1.972E+09    1.958E+09    1.396E+09    1.070E+09    3.798E+07
246    4.285E+09    2.322E+09    2.305E+09    1.645E+09    1.265E+09    4.548E+07
247    5.078E+09    2.741E+09    2.709E+09    1.922E+09    1.457E+09    5.042E+07
248    6.524E+09    3.519E+09    3.480E+09    2.473E+09    1.893E+09    6.720E+07
249    8.433E+09    4.501E+09    4.396E+09    3.064E+09    2.261E+09    7.745E+07
250    1.432E+10    7.713E+09    7.597E+09    5.343E+09    3.956E+09    1.323E+08
251    3.583E+10    1.966E+10    1.975E+10    1.428E+10    1.109E+10    4.101E+08
252    5.636E+10    3.091E+10    3.103E+10    2.239E+10    1.732E+10    6.364E+08
253    6.555E+10    3.592E+10    3.602E+10    2.597E+10    2.007E+10    7.373E+08
254    7.054E+10    3.867E+10    3.879E+10    2.798E+10    2.163E+10    7.940E+08
255    7.068E+10    3.873E+10    3.883E+10    2.799E+10    2.161E+10    7.930E+08
256    6.834E+10    3.745E+10    3.756E+10    2.708E+10    2.092E+10    7.678E+08
257    6.389E+10    3.501E+10    3.510E+10    2.530E+10    1.953E+10    7.160E+08
258    5.856E+10    3.209E+10    3.218E+10    2.320E+10    1.792E+10    6.573E+08
259    5.265E+10    2.884E+10    2.892E+10    2.084E+10    1.609E+10    5.896E+08
260    4.677E+10    2.562E+10    2.569E+10    1.852E+10    1.430E+10    5.245E+08
261    4.102E+10    2.247E+10    2.253E+10    1.624E+10    1.253E+10    4.592E+08
262    3.569E+10    1.955E+10    1.960E+10    1.413E+10    1.091E+10    4.001E+08
263    3.075E+10    1.685E+10    1.689E+10    1.217E+10    9.394E+09    3.442E+08
264    2.627E+10    1.439E+10    1.443E+10    1.040E+10    8.028E+09    2.945E+08
265    2.219E+10    1.216E+10    1.219E+10    8.784E+09    6.781E+09    2.484E+08
266    1.844E+10    1.010E+10    1.013E+10    7.300E+09    5.635E+09    2.067E+08
267    1.500E+10    8.218E+09    8.240E+09    5.939E+09    4.586E+09    1.680E+08
268    1.160E+10    6.354E+09    6.369E+09    4.589E+09    3.543E+09    1.301E+08
269    8.447E+09    4.630E+09    4.643E+09    3.348E+09    2.585E+09    9.458E+07
270    4.398E+09    2.413E+09    2.423E+09    1.751E+09    1.360E+09    5.020E+07
271    6.277E+08    3.207E+08    2.969E+08    1.909E+08    1.202E+08    3.304E+06
272    5.687E+07    2.686E+07    2.415E+07    1.541E+07    1.020E+07    3.588E+05
273    3.003E+07    1.483E+07    1.339E+07    8.441E+06    5.471E+06    1.821E+05
274    1.590E+07    7.561E+06    6.736E+06    4.238E+06    2.743E+06    9.492E+04
275    1.064E+08    5.445E+07    5.054E+07    3.259E+07    2.069E+07    5.888E+05
276    7.657E+08    4.203E+08    4.223E+08    3.054E+08    2.373E+08    8.760E+06
277    1.269E+09    6.957E+08    6.978E+08    5.032E+08    3.887E+08    1.426E+07
278    1.349E+09    7.393E+08    7.412E+08    5.343E+08    4.128E+08    1.516E+07
279    1.327E+09    7.275E+08    7.297E+08    5.262E+08    4.065E+08    1.491E+07
280    1.181E+09    6.471E+08    6.486E+08    4.674E+08    3.608E+08    1.323E+07
281    1.024E+09    5.611E+08    5.627E+08    4.057E+08    3.134E+08    1.149E+07
282    8.478E+08    4.644E+08    4.655E+08    3.353E+08    2.587E+08    9.483E+06
283    6.965E+08    3.817E+08    3.828E+08    2.760E+08    2.132E+08    7.821E+06
284    5.580E+08    3.056E+08    3.063E+08    2.206E+08    1.702E+08    6.234E+06
285    4.480E+08    2.455E+08    2.462E+08    1.775E+08    1.372E+08    5.033E+06
286    3.540E+08    1.939E+08    1.943E+08    1.399E+08    1.079E+08    3.950E+06
287    2.822E+08    1.547E+08    1.551E+08    1.118E+08    8.643E+07    3.174E+06
288    2.222E+08    1.217E+08    1.220E+08    8.784E+07    6.771E+07    2.477E+06
289    1.774E+08    9.722E+07    9.750E+07    7.031E+07    5.435E+07    1.998E+06
290    1.398E+08    7.657E+07    7.673E+07    5.526E+07    4.260E+07    1.556E+06
291    1.120E+08    6.139E+07    6.156E+07    4.439E+07    3.433E+07    1.263E+06
292    8.819E+07    4.831E+07    4.841E+07    3.487E+07    2.687E+07    9.807E+05
293    7.031E+07    3.853E+07    3.864E+07    2.786E+07    2.155E+07    7.939E+05
294    5.436E+07    2.978E+07    2.984E+07    2.149E+07    1.655E+07    6.036E+05
295    4.111E+07    2.253E+07    2.260E+07    1.630E+07    1.262E+07    4.655E+05
296    3.083E+07    1.687E+07    1.688E+07    1.213E+07    9.298E+06    3.356E+05
297    2.637E+07    1.444E+07    1.448E+07    1.044E+07    8.095E+06    2.996E+05
298    2.234E+07    1.223E+07    1.225E+07    8.808E+06    6.763E+06    2.443E+05
299    1.960E+07    1.073E+07    1.076E+07    7.756E+06    6.007E+06    2.222E+05
300    1.686E+07    9.231E+06    9.246E+06    6.653E+06    5.113E+06    1.849E+05
301    1.500E+07    8.216E+06    8.234E+06    5.935E+06    4.594E+06    1.698E+05
302    1.310E+07    7.172E+06    7.185E+06    5.171E+06    3.978E+06    1.440E+05
303    1.180E+07    6.461E+06    6.475E+06    4.666E+06    3.610E+06    1.333E+05
304    1.044E+07    5.717E+06    5.728E+06    4.124E+06    3.174E+06    1.151E+05
305    9.516E+06    5.211E+06    5.222E+06    3.763E+06    2.909E+06    1.073E+05
306    8.540E+06    4.677E+06    4.686E+06    3.374E+06    2.599E+06    9.429E+04
307    7.892E+06    4.322E+06    4.331E+06    3.120E+06    2.411E+06    8.887E+04
308    7.207E+06    3.947E+06    3.954E+06    2.848E+06    2.194E+06    7.970E+04
309    6.794E+06    3.721E+06    3.728E+06    2.686E+06    2.075E+06    7.638E+04
310    6.365E+06    3.485E+06    3.492E+06    2.514E+06    1.938E+06    7.048E+04
311    6.237E+06    3.415E+06    3.422E+06    2.464E+06    1.902E+06    6.991E+04
312    6.202E+06    3.399E+06    3.408E+06    2.457E+06    1.896E+06    6.928E+04
313    6.138E+06    3.364E+06    3.373E+06    2.432E+06    1.879E+06    6.918E+04
314    5.889E+06    3.226E+06    3.234E+06    2.331E+06    1.799E+06    6.575E+04
315    5.687E+06    3.116E+06    3.125E+06    2.253E+06    1.740E+06    6.403E+04
316    5.398E+06    2.957E+06    2.965E+06    2.137E+06    1.649E+06    6.030E+04
317    5.148E+06    2.821E+06    2.828E+06    2.039E+06    1.575E+06    5.792E+04
318    4.838E+06    2.651E+06    2.658E+06    1.915E+06    1.478E+06    5.408E+04
319    4.558E+06    2.498E+06    2.504E+06    1.805E+06    1.394E+06    5.126E+04
320    4.230E+06    2.318E+06    2.323E+06    1.674E+06    1.293E+06    4.731E+04
321    3.914E+06    2.145E+06    2.151E+06    1.550E+06    1.197E+06    4.400E+04
322    3.552E+06    1.946E+06    1.951E+06    1.406E+06    1.086E+06    3.976E+04
323    3.177E+06    1.741E+06    1.746E+06    1.259E+06    9.721E+05    3.572E+04
324    2.753E+06    1.509E+06    1.513E+06    1.091E+06    8.426E+05    3.087E+04
325    2.273E+06    1.245E+06    1.249E+06    9.002E+05    6.953E+05    2.558E+04
326    1.754E+06    9.622E+05    9.655E+05    6.967E+05    5.386E+05    1.972E+04
327    9.778E+05    5.368E+05    5.394E+05    3.903E+05    3.039E+05    1.127E+04
328    2.231E+05    1.166E+05    1.110E+05    7.413E+04    4.877E+04    1.262E+03
329    3.166E+04    1.562E+04    1.402E+04    8.663E+03    5.413E+03    1.907E+02
330    9.323E+02    4.705E+02    4.389E+02    3.093E+02    2.356E+02    7.722E+00
331    2.260E+01    1.129E+01    1.034E+01    6.624E+00    4.385E+00    1.505E-01
332    2.516E+01    1.254E+01    1.145E+01    7.323E+00    4.870E+00    1.681E-01
333    7.824E+02    3.918E+02    3.604E+02    2.325E+02    1.557E+02    5.394E+00
334    2.241E+03    1.142E+03    1.079E+03    7.243E+02    5.252E+02    2.237E+01
335    2.265E+03    1.155E+03    1.091E+03    7.331E+02    5.327E+02    2.284E+01
336    2.287E+03    1.167E+03    1.103E+03    7.414E+02    5.396E+02    2.328E+01
337    2.308E+03    1.177E+03    1.114E+03    7.491E+02    5.461E+02    2.369E+01
338    2.328E+03    1.188E+03    1.124E+03    7.563E+02    5.521E+02    2.406E+01
339    2.346E+03    1.197E+03    1.133E+03    7.631E+02    5.577E+02    2.440E+01
340    2.363E+03    1.206E+03    1.142E+03    7.694E+02    5.629E+02    2.472E+01
341    2.380E+03    1.215E+03    1.151E+03    7.753E+02    5.678E+02    2.501E+01
342    2.395E+03    1.223E+03    1.159E+03    7.810E+02    5.724E+02    2.529E+01
343    2.409E+03    1.231E+03    1.167E+03    7.863E+02    5.768E+02    2.554E+01
344    2.423E+03    1.238E+03    1.174E+03    7.913E+02    5.809E+02    2.578E+01
345    2.436E+03    1.245E+03    1.181E+03    7.961E+02    5.848E+02    2.601E+01
346    2.449E+03    1.252E+03    1.188E+03    8.008E+02    5.885E+02    2.622E+01
347    2.461E+03    1.259E+03    1.194E+03    8.052E+02    5.921E+02    2.642E+01
348    2.473E+03    1.265E+03    1.200E+03    8.094E+02    5.955E+02    2.661E+01
349    2.484E+03    1.271E+03    1.206E+03    8.136E+02    5.987E+02    2.679E+01
350    2.495E+03    1.277E+03    1.212E+03    8.175E+02    6.019E+02    2.696E+01
351    2.506E+03    1.283E+03    1.218E+03    8.214E+02    6.049E+02    2.712E+01
352    2.517E+03    1.289E+03    1.223E+03    8.251E+02    6.077E+02    2.727E+01
353    2.527E+03    1.295E+03    1.228E+03    8.287E+02    6.105E+02    2.741E+01
354    2.537E+03    1.300E+03    1.234E+03    8.322E+02    6.132E+02    2.755E+01
355    2.547E+03    1.306E+03    1.239E+03    8.356E+02    6.158E+02    2.768E+01
356    2.557E+03    1.311E+03    1.244E+03    8.389E+02    6.183E+02    2.780E+01
357    2.567E+03    1.316E+03    1.248E+03    8.422E+02    6.207E+02    2.792E+01
358    2.576E+03    1.322E+03    1.253E+03    8.453E+02    6.230E+02    2.802E+01
359    2.586E+03    1.327E+03    1.258E+03    8.484E+02    6.252E+02    2.812E+01
360    2.595E+03    1.332E+03    1.262E+03    8.513E+02    6.274E+02    2.822E+01
361    2.604E+03    1.337E+03    1.266E+03    8.542E+02    6.295E+02    2.831E+01
362    2.614E+03    1.342E+03    1.271E+03    8.571E+02    6.314E+02    2.839E+01
363    2.623E+03    1.347E+03    1.275E+03    8.599E+02    6.334E+02    2.846E+01
364    2.633E+03    1.351E+03    1.279E+03    8.626E+02    6.352E+02    2.853E+01
365    2.642E+03    1.356E+03    1.283E+03    8.652E+02    6.370E+02    2.860E+01
366    2.651E+03    1.361E+03    1.287E+03    8.678E+02    6.387E+02    2.865E+01
367    2.661E+03    1.366E+03    1.291E+03    8.703E+02    6.404E+02    2.870E+01
368    2.670E+03    1.370E+03    1.295E+03    8.728E+02    6.419E+02    2.875E+01
369    2.680E+03    1.374E+03    1.298E+03    8.752E+02    6.434E+02    2.878E+01
370    2.690E+03    1.379E+03    1.302E+03    8.776E+02    6.449E+02    2.881E+01
371    2.699E+03    1.383E+03    1.306E+03    8.799E+02    6.463E+02    2.883E+01
372    2.709E+03    1.387E+03    1.310E+03    8.822E+02    6.476E+02    2.885E+01
373    2.719E+03    1.391E+03    1.313E+03    8.844E+02    6.488E+02    2.886E+01
374    2.729E+03    1.395E+03    1.317E+03    8.866E+02    6.499E+02    2.886E+01
375    2.739E+03    1.399E+03    1.321E+03    8.887E+02    6.510E+02    2.885E+01
376    2.749E+03    1.403E+03    1.325E+03    8.908E+02    6.520E+02    2.883E+01
377    2.759E+03    1.407E+03    1.328E+03    8.928E+02    6.530E+02    2.880E+01
378    2.769E+03    1.411E+03    1.332E+03    8.949E+02    6.538E+02    2.876E+01
379    2.778E+03    1.415E+03    1.336E+03    8.968E+02    6.546E+02    2.871E+01
380    2.788E+03    1.419E+03    1.340E+03    8.988E+02    6.553E+02    2.864E+01
381    2.797E+03    1.423E+03    1.344E+03    9.007E+02    6.558E+02    2.856E+01
382    2.805E+03    1.428E+03    1.347E+03    9.025E+02    6.563E+02    2.846E+01
383    2.812E+03    1.433E+03    1.351E+03    9.044E+02    6.566E+02    2.834E+01
384    3.087E+03    1.476E+03    1.302E+03    8.277E+02    5.717E+02    2.112E+01
385    2.194E+04    1.136E+04    1.069E+04    7.001E+03    4.582E+03    1.391E+02
386    8.325E+04    4.568E+04    4.591E+04    3.325E+04    2.604E+04    9.985E+02
387    1.319E+05    7.252E+04    7.299E+04    5.289E+04    4.126E+04    1.558E+03
388    1.598E+05    8.764E+04    8.796E+04    6.347E+04    4.914E+04    1.844E+03
389    1.828E+05    1.003E+05    1.006E+05    7.265E+04    5.633E+04    2.120E+03
390    1.992E+05    1.092E+05    1.095E+05    7.899E+04    6.113E+04    2.291E+03
391    2.115E+05    1.159E+05    1.163E+05    8.387E+04    6.493E+04    2.438E+03
392    2.191E+05    1.201E+05    1.204E+05    8.682E+04    6.716E+04    2.516E+03
393    2.234E+05    1.224E+05    1.228E+05    8.854E+04    6.849E+04    2.568E+03
394    2.243E+05    1.229E+05    1.232E+05    8.883E+04    6.869E+04    2.571E+03
395    2.227E+05    1.220E+05    1.223E+05    8.817E+04    6.818E+04    2.553E+03
396    2.186E+05    1.197E+05    1.200E+05    8.652E+04    6.687E+04    2.502E+03
397    2.127E+05    1.165E+05    1.168E+05    8.419E+04    6.508E+04    2.436E+03
398    2.052E+05    1.124E+05    1.127E+05    8.121E+04    6.275E+04    2.347E+03
399    1.967E+05    1.077E+05    1.080E+05    7.782E+04    6.013E+04    2.249E+03
400    1.872E+05    1.025E+05    1.028E+05    7.405E+04    5.721E+04    2.139E+03
401    1.772E+05    9.706E+04    9.728E+04    7.009E+04    5.414E+04    2.025E+03
402    1.668E+05    9.136E+04    9.156E+04    6.596E+04    5.094E+04    1.904E+03
403    1.563E+05    8.559E+04    8.578E+04    6.179E+04    4.773E+04    1.784E+03
404    1.458E+05    7.982E+04    7.999E+04    5.762E+04    4.449E+04    1.662E+03
405    1.354E+05    7.415E+04    7.431E+04    5.352E+04    4.133E+04    1.545E+03
406    1.253E+05    6.862E+04    6.876E+04    4.952E+04    3.823E+04    1.428E+03
407    1.156E+05    6.329E+04    6.342E+04    4.567E+04    3.526E+04    1.318E+03
408    1.063E+05    5.818E+04    5.830E+04    4.198E+04    3.241E+04    1.210E+03
409    9.741E+04    5.333E+04    5.344E+04    3.848E+04    2.971E+04    1.110E+03
410    8.905E+04    4.876E+04    4.885E+04    3.518E+04    2.715E+04    1.014E+03
411    8.122E+04    4.447E+04    4.455E+04    3.208E+04    2.476E+04    9.252E+02
412    7.390E+04    4.046E+04    4.054E+04    2.919E+04    2.253E+04    8.412E+02
413    6.710E+04    3.674E+04    3.681E+04    2.650E+04    2.045E+04    7.641E+02
414    6.081E+04    3.329E+04    3.335E+04    2.402E+04    1.853E+04    6.919E+02
415    5.501E+04    3.012E+04    3.017E+04    2.172E+04    1.677E+04    6.263E+02
416    4.969E+04    2.720E+04    2.725E+04    1.962E+04    1.514E+04    5.652E+02
417    4.481E+04    2.453E+04    2.457E+04    1.769E+04    1.365E+04    5.100E+02
418    4.035E+04    2.209E+04    2.213E+04    1.593E+04    1.229E+04    4.589E+02
419    3.629E+04    1.987E+04    1.990E+04    1.433E+04    1.106E+04    4.130E+02
420    3.260E+04    1.785E+04    1.788E+04    1.287E+04    9.931E+03    3.707E+02
421    2.926E+04    1.602E+04    1.604E+04    1.155E+04    8.912E+03    3.329E+02
422    2.623E+04    1.436E+04    1.438E+04    1.035E+04    7.988E+03    2.982E+02
423    2.349E+04    1.286E+04    1.288E+04    9.273E+03    7.155E+03    2.673E+02
424    2.102E+04    1.151E+04    1.153E+04    8.298E+03    6.402E+03    2.390E+02
425    1.880E+04    1.029E+04    1.031E+04    7.419E+03    5.724E+03    2.138E+02
426    1.679E+04    9.192E+03    9.208E+03    6.628E+03    5.114E+03    1.909E+02
427    1.499E+04    8.206E+03    8.220E+03    5.917E+03    4.565E+03    1.705E+02
428    1.337E+04    7.320E+03    7.332E+03    5.278E+03    4.072E+03    1.520E+02
429    1.192E+04    6.524E+03    6.535E+03    4.704E+03    3.629E+03    1.356E+02
430    1.061E+04    5.809E+03    5.819E+03    4.189E+03    3.231E+03    1.206E+02
431    9.441E+03    5.168E+03    5.176E+03    3.726E+03    2.875E+03    1.074E+02
432    8.388E+03    4.591E+03    4.599E+03    3.311E+03    2.554E+03    9.532E+01
433    7.442E+03    4.074E+03    4.080E+03    2.937E+03    2.266E+03    8.466E+01
434    6.592E+03    3.608E+03    3.614E+03    2.602E+03    2.007E+03    7.490E+01
435    5.825E+03    3.188E+03    3.194E+03    2.299E+03    1.773E+03    6.626E+01
436    5.134E+03    2.810E+03    2.815E+03    2.026E+03    1.563E+03    5.834E+01
437    4.506E+03    2.467E+03    2.471E+03    1.779E+03    1.372E+03    5.127E+01
438    3.938E+03    2.156E+03    2.160E+03    1.555E+03    1.199E+03    4.476E+01
439    3.417E+03    1.871E+03    1.874E+03    1.349E+03    1.040E+03    3.887E+01
440    2.942E+03    1.610E+03    1.613E+03    1.161E+03    8.961E+02    3.345E+01
441    2.496E+03    1.366E+03    1.369E+03    9.852E+02    7.599E+02    2.838E+01
442    2.084E+03    1.141E+03    1.143E+03    8.235E+02    6.358E+02    2.375E+01
443    1.679E+03    9.191E+02    9.207E+02    6.627E+02    5.109E+02    1.907E+01
444    1.293E+03    7.093E+02    7.121E+02    5.143E+02    3.989E+02    1.489E+01
445    7.808E+02    4.273E+02    4.282E+02    3.088E+02    2.401E+02    9.084E+00
446    2.089E+02    1.081E+02    1.017E+02    6.664E+01    4.349E+01    1.313E+00
447    3.102E+01    1.478E+01    1.288E+01    7.984E+00    5.486E+00    2.035E-01
448    1.467E+01    7.344E+00    6.773E+00    4.397E+00    2.952E+00    1.011E-01
449    5.015E+00    2.479E+00    2.245E+00    1.418E+00    9.225E-01    3.230E-02
450    2.005E+00    9.970E-01    9.107E-01    5.861E-01    3.997E-01    1.419E-02
